3cf3 370 41 6
3cf3 186 296 6
3cf3 293 497 7
3cf3 309 455 12
3cf3 197 162 16
3cf3 470 278 19
3cf3 381 53 19
3cf3 494 63 16
3cf3 88 159 19
3cf3 449 395 19
3cf3 112 402 21
3cf3 428 185 26
3cf3 394 136 25
3cf3 194 70 29
3cf3 205 117 28
3cf3 285 137 29
3cf3 99 392 30
3cf3 369 50 32
3cf3 180 362 30
3cf3 89 449 32
3cf3 26 69 33
3cf3 453 253 39
3cf3 170 117 40
3cf3 393 55 41
3cf3 196 29 45
3cf3 457 369 42
3cf3 236 449 46
3cf3 304 425 51
3cf3 267 471 49
3cf3 218 246 52
3cf3 28 83 54
3cf3 50 57 55
3cf3 199 43 60
3cf3 326 340 60
3cf3 187 430 62
3cf3 282 163 65
3cf3 301 60 62
3cf3 238 475 64
3cf3 168 462 65
3cf3 173 58 70
3cf3 145 430 67
3cf3 372 67 69
3cf3 256 466 70
3cf3 73 342 71
3cf3 167 461 72
3cf3 58 139 75
3cf3 217 157 76
3cf3 52 172 74
3cf3 262 37 78
3cf3 369 128 78
3cf3 292 174 81
3cf3 397 473 84
3cf3 253 429 83
3cf3 265 396 85
3cf3 52 468 90
3cf3 136 62 90
3cf3 228 457 92
3cf3 170 344 88
3cf3 35 472 95
3cf3 418 128 97
3cf3 112 449 99
3cf3 396 325 100
3cf3 424 57 103
3cf3 440 52 102
3cf3 242 112 104
3cf3 99 202 108
3cf3 489 86 111
3cf3 139 276 112
3cf3 98 166 112
3cf3 178 474 112
3cf3 208 486 112
3cf3 53 402 117
3cf3 83 148 121
3cf3 244 40 118
3cf3 435 392 122
3cf3 442 52 124
3cf3 216 210 124
3cf3 72 489 126
3cf3 160 78 129
3cf3 226 95 129
3cf3 39 146 134
3cf3 362 352 131
3cf3 77 275 133
3cf3 284 167 138
3cf3 165 355 137
3cf3 430 195 138
3cf3 218 476 139
3cf3 169 419 140
3cf3 62 388 147
3cf3 383 60 149
3cf3 104 24 153
3cf3 202 77 152
3cf3 368 93 155
3cf3 307 399 153
3cf3 320 55 155
3cf3 363 154 156
3cf3 75 186 158
3cf3 406 163 160
3cf3 99 355 164
3cf3 348 398 162
3cf3 60 236 165
3cf3 190 289 166
3cf3 20 219 169
3cf3 238 261 170
3cf3 82 483 171
3cf3 137 123 172
3cf3 320 427 172
3cf3 338 349 176
3cf3 348 424 176
3cf3 164 87 179
3cf3 21 304 179
3cf3 235 473 178
3cf3 288 428 183
3cf3 265 125 186
3cf3 207 73 186
3cf3 189 359 193
3cf3 454 365 197
1s3x 18 42 3
1s3x 331 145 9
1s3x 322 224 11
1s3x 396 359 10
1s3x 413 55 11
1s3x 460 75 12
1s3x 89 296 12
1s3x 137 96 14
1s3x 344 162 14
1s3x 466 12 15
1s3x 127 221 15
1s3x 323 484 15
1s3x 472 140 16
1s3x 321 367 16
1s3x 387 313 18
1s3x 459 106 18
1s3x 358 169 18
1s3x 283 323 18
1s3x 467 481 17
1s3x 57 72 19
1s3x 142 332 18
1s3x 419 166 21
1s3x 370 166 20
1s3x 136 182 21
1s3x 422 88 22
1s3x 445 141 23
1s3x 146 488 22
1s3x 79 71 24
1s3x 479 306 24
1s3x 98 119 26
1s3x 418 373 27
1s3x 22 194 27
1s3x 164 454 28
1s3x 95 487 27
1s3x 451 262 27
1s3x 53 73 29
1s3x 183 168 30
1s3x 303 118 31
1s3x 64 303 32
1s3x 485 62 33
1s3x 39 184 34
1s3x 72 426 37
1s3x 243 326 37
1s3x 91 265 38
1s3x 387 263 38
1s3x 490 482 40
1s3x 490 302 41
1s3x 100 496 41
1s3x 470 142 43
1s3x 468 241 43
1s3x 18 403 44
1s3x 36 450 44
1s3x 402 368 46
1s3x 404 144 48
1s3x 357 281 48
1s3x 248 34 52
1s3x 274 204 52
1s3x 453 308 52
1s3x 456 440 52
1s3x 342 16 53
1s3x 320 106 55
1s3x 64 234 56
1s3x 332 248 57
1s3x 480 12 59
1s3x 138 120 58
1s3x 110 458 58
1s3x 315 102 60
1s3x 297 360 62
1s3x 290 16 62
1s3x 101 128 62
1s3x 100 147 62
1s3x 13 228 64
1s3x 399 340 66
1s3x 274 352 67
1s3x 470 399 69
1s3x 115 38 69
1s3x 18 95 69
1s3x 43 158 69
1s3x 370 41 70
1s3x 340 164 71
1s3x 470 232 72
1s3x 192 191 71
1s3x 93 250 73
1s3x 120 264 71
1s3x 418 208 72
1s3x 192 450 74
1s3x 346 493 75
1s3x 258 310 74
1s3x 171 45 76
1s3x 306 441 76
1s3x 193 299 78
1s3x 292 354 79
1s3x 372 319 79
1s3x 367 47 81
1s3x 32 81 81
1s3x 255 348 81
1s3x 26 486 81
1s3x 27 285 85
1s3x 78 118 85
1s3x 440 350 84
1s3x 325 301 85
1s3x 162 388 87
1s3x 82 332 89
1s3x 164 471 88
1s3x 53 104 89
1s3x 22 322 91
1s3x 375 327 90
1s3x 404 336 91
1s3x 412 480 94
1s3x 84 74 96
1s3x 392 439 97
1s3x 404 494 98
1s3x 66 265 99
1s3x 91 325 99
1s3x 154 263 100
1s3x 20 413 100
1s3x 212 167 102
1s3x 36 189 103
1s3x 471 307 105
1s3x 145 334 105
1s3x 82 492 105
1s3x 324 226 107
1s3x 357 233 106
1s3x 284 496 107
1s3x 66 432 109
1s3x 372 454 109
1s3x 345 405 110
1s3x 148 256 112
1s3x 318 462 114
1s3x 91 49 114
1s3x 397 402 114
1s3x 460 173 115
1s3x 44 374 114
1s3x 98 358 116
1s3x 375 279 118
1s3x 386 401 119
1s3x 146 90 120
1s3x 251 369 121
1s3x 427 451 120
1s3x 379 340 121
1s3x 288 256 122
1s3x 54 424 122
1s3x 322 311 123
1s3x 455 184 125
1s3x 66 232 125
1s3x 391 248 124
1s3x 64 328 124
1s3x 402 374 125
1s3x 114 116 125
1s3x 232 363 126
1s3x 397 393 126
1s3x 52 55 127
1s3x 58 416 127
1s3x 296 469 130
1s3x 297 66 130
1s3x 238 70 130
1s3x 405 128 132
1s3x 341 482 132
1s3x 367 123 134
1s3x 412 375 134
1s3x 66 124 136
1s3x 322 226 137
1s3x 229 349 136
1s3x 39 252 138
1s3x 482 368 138
1s3x 67 464 139
1s3x 48 23 140
1s3x 195 58 140
1s3x 377 280 140
1s3x 114 159 141
1s3x 468 177 142
1s3x 346 388 142
1s3x 347 287 144
1s3x 423 122 145
1s3x 138 151 145
1s3x 19 400 149
1s3x 40 443 148
1s3x 458 232 150
1s3x 418 422 152
1s3x 12 456 152
1s3x 168 70 152
1s3x 488 215 154
1s3x 485 499 153
1s3x 72 87 155
1s3x 306 438 154
1s3x 401 287 155
1s3x 251 54 157
1s3x 39 58 157
1s3x 293 357 160
1s3x 34 476 160
1s3x 408 148 160
1s3x 188 465 160
1s3x 484 25 163
1s3x 94 98 165
1s3x 411 460 165
1s3x 336 92 166
1s3x 104 111 166
1s3x 264 148 168
1s3x 68 198 169
1s3x 242 460 168
1s3x 136 382 169
1s3x 367 178 170
1s3x 480 55 172
1s3x 116 481 171
1s3x 56 215 173
1s3x 491 305 172
1s3x 11 375 173
1s3x 385 495 175
1s3x 195 391 177
1s3x 69 472 176
1s3x 180 464 179
1s3x 312 110 180
1s3x 72 196 179
1s3x 103 496 181
1s3x 24 344 180
1s3x 472 23 182
1s3x 438 306 184
1s3x 402 342 183
1s3x 228 434 183
1s3x 434 379 184
1s3x 460 251 186
1s3x 21 386 186
1s3x 137 399 189
1s3x 80 96 190
1u6g 229 43 19
1u6g 135 175 19
1u6g 471 216 18
1u6g 355 417 19
1u6g 133 417 19
1u6g 68 56 20
1u6g 87 158 22
1u6g 367 374 24
1u6g 466 468 21
1u6g 306 139 24
1u6g 394 331 25
1u6g 374 349 24
1u6g 369 196 27
1u6g 340 350 28
1u6g 393 137 29
1u6g 404 178 29
1u6g 310 301 29
1u6g 346 179 30
1u6g 35 205 30
1u6g 180 362 31
1u6g 99 46 32
1u6g 341 348 32
1u6g 367 108 34
1u6g 151 78 35
1u6g 418 302 38
1u6g 343 373 36
1u6g 386 111 37
1u6g 216 347 37
1u6g 391 251 39
1u6g 58 300 42
1u6g 117 310 43
1u6g 361 490 42
1u6g 403 317 45
1u6g 53 461 44
1u6g 384 207 45
1u6g 496 229 44
1u6g 422 198 46
1u6g 400 227 49
1u6g 233 444 48
1u6g 87 453 48
1u6g 393 459 48
1u6g 353 36 49
1u6g 22 414 52
1u6g 455 100 54
1u6g 34 172 54
1u6g 305 395 53
1u6g 102 426 54
1u6g 267 474 55
1u6g 101 472 56
1u6g 455 254 57
1u6g 244 374 58
1u6g 364 494 57
1u6g 307 171 58
1u6g 100 127 61
1u6g 101 473 60
1u6g 417 298 62
1u6g 68 414 61
1u6g 374 43 64
1u6g 87 363 63
1u6g 118 489 64
1u6g 164 155 65
1u6g 101 172 65
1u6g 318 194 64
1u6g 384 476 65
1u6g 350 391 66
1u6g 389 319 67
1u6g 366 148 70
1u6g 141 402 69
1u6g 383 26 70
1u6g 186 76 71
1u6g 466 187 72
1u6g 176 361 72
1u6g 402 157 73
1u6g 133 176 73
1u6g 42 351 73
1u6g 19 306 73
1u6g 257 55 75
1u6g 342 462 75
1u6g 452 281 76
1u6g 292 94 78
1u6g 390 410 78
1u6g 92 341 80
1u6g 178 363 80
1u6g 368 442 80
1u6g 368 173 82
1u6g 119 283 82
1u6g 295 418 82
1u6g 404 381 84
1u6g 24 488 84
1u6g 436 240 85
1u6g 359 383 84
1u6g 188 35 86
1u6g 19 72 87
1u6g 369 172 88
1u6g 22 415 91
1u6g 248 216 91
1u6g 283 243 91
1u6g 344 368 90
1u6g 453 414 90
1u6g 205 27 92
1u6g 166 287 94
1u6g 370 166 95
1u6g 264 363 95
1u6g 256 34 97
1u6g 373 429 98
1u6g 118 84 100
1u6g 150 316 99
1u6g 397 483 99
1u6g 400 268 102
1u6g 279 158 101
1u6g 426 213 101
1u6g 120 368 102
1u6g 164 360 101
1u6g 390 107 103
1u6g 360 395 104
1u6g 165 443 105
1u6g 424 216 107
1u6g 296 250 106
1u6g 416 413 108
1u6g 355 436 108
1u6g 46 375 109
1u6g 485 44 111
1u6g 453 284 111
1u6g 71 39 113
1u6g 160 316 113
1u6g 278 442 113
1u6g 353 318 114
1u6g 183 219 115
1u6g 34 143 117
1u6g 436 203 117
1u6g 290 209 116
1u6g 72 457 116
1u6g 312 491 116
1u6g 409 347 119
1u6g 116 177 120
1u6g 317 259 119
1u6g 394 459 123
1u6g 371 251 121
1u6g 215 266 122
1u6g 466 227 123
1u6g 257 251 123
1u6g 133 362 123
1u6g 34 462 123
1u6g 80 21 126
1u6g 98 261 125
1u6g 454 140 126
1u6g 124 244 127
1u6g 231 478 126
1u6g 36 62 128
1u6g 180 142 128
1u6g 24 444 129
1u6g 368 178 129
1u6g 428 494 132
1u6g 211 474 132
1u6g 71 490 130
1u6g 375 443 133
1u6g 230 479 131
1u6g 484 291 135
1u6g 23 394 136
1u6g 386 417 139
1u6g 140 375 138
1u6g 405 40 139
1u6g 295 352 141
1u6g 471 459 139
1u6g 65 206 142
1u6g 140 347 142
1u6g 105 383 141
1u6g 436 469 142
1u6g 216 360 143
1u6g 362 477 145
1u6g 132 171 145
1u6g 38 423 145
1u6g 246 199 146
1u6g 367 434 149
1u6g 242 298 150
1u6g 326 462 149
1u6g 55 24 152
1u6g 117 431 152
1u6g 41 366 153
1u6g 243 105 154
1u6g 297 259 155
1u6g 414 331 156
1u6g 420 154 157
1u6g 349 399 157
1u6g 474 217 159
1u6g 129 464 158
1u6g 263 88 159
1u6g 409 57 161
1u6g 364 156 162
1u6g 297 265 164
1u6g 72 330 163
1u6g 246 359 164
1u6g 82 467 165
1u6g 101 173 166
1u6g 488 402 168
1u6g 483 477 166
1u6g 159 274 169
1u6g 45 418 170
1u6g 441 127 171
1u6g 124 311 172
1u6g 96 419 173
1u6g 341 58 174
1u6g 388 218 177
1u6g 71 197 177
1u6g 418 158 179
1u6g 132 57 179
1u6g 77 37 181
1u6g 300 168 182
1u6g 172 491 181
1u6g 72 475 183
1u6g 311 474 185
1u6g 143 382 188
4cr2 453 162 32
4cr2 374 284 29
4cr2 398 470 30
4cr2 44 480 33
4cr2 437 33 32
4cr2 361 108 32
4cr2 221 47 33
4cr2 229 176 33
4cr2 240 232 33
4cr2 409 408 34
4cr2 59 368 38
4cr2 278 308 37
4cr2 329 454 38
4cr2 180 217 39
4cr2 168 269 41
4cr2 387 209 41
4cr2 391 256 41
4cr2 448 449 41
4cr2 457 367 41
4cr2 402 433 44
4cr2 364 259 45
4cr2 313 423 45
4cr2 247 169 47
4cr2 223 383 50
4cr2 106 394 46
4cr2 356 41 47
4cr2 244 277 50
4cr2 419 478 50
4cr2 150 234 54
4cr2 327 274 51
4cr2 213 156 50
4cr2 444 336 54
4cr2 182 349 51
4cr2 65 413 56
4cr2 263 207 55
4cr2 172 233 55
4cr2 96 269 55
4cr2 407 36 57
4cr2 453 46 58
4cr2 149 428 60
4cr2 197 196 64
4cr2 309 398 60
4cr2 378 370 60
4cr2 138 96 64
4cr2 319 247 64
4cr2 305 440 67
4cr2 156 204 66
4cr2 302 279 66
4cr2 111 252 71
4cr2 282 258 69
4cr2 344 109 71
4cr2 227 203 71
4cr2 343 458 70
4cr2 109 380 71
4cr2 56 173 72
4cr2 195 325 73
4cr2 46 351 72
4cr2 415 442 76
4cr2 185 481 73
4cr2 310 34 75
4cr2 109 126 76
4cr2 370 436 75
4cr2 153 131 78
4cr2 130 175 78
4cr2 366 130 80
4cr2 207 463 80
4cr2 357 246 84
4cr2 138 358 82
4cr2 45 304 83
4cr2 483 282 86
4cr2 48 440 85
4cr2 146 84 88
4cr2 428 278 87
4cr2 357 279 88
4cr2 229 71 92
4cr2 157 155 91
4cr2 185 315 94
4cr2 305 333 92
4cr2 305 374 92
4cr2 401 44 94
4cr2 68 361 96
4cr2 342 98 95
4cr2 62 274 96
4cr2 299 283 98
4cr2 126 388 102
4cr2 155 159 97
4cr2 50 225 100
4cr2 278 114 103
4cr2 33 197 104
4cr2 244 256 105
4cr2 41 108 107
4cr2 156 411 108
4cr2 313 422 105
4cr2 277 156 107
4cr2 186 384 107
4cr2 322 181 106
4cr2 167 224 109
4cr2 264 477 106
4cr2 208 444 112
4cr2 423 176 110
4cr2 199 58 110
4cr2 214 265 116
4cr2 355 183 112
4cr2 251 353 113
4cr2 315 132 112
4cr2 94 167 115
4cr2 264 312 111
4cr2 81 382 116
4cr2 296 115 117
4cr2 356 128 120
4cr2 95 303 119
4cr2 293 35 123
4cr2 162 77 123
4cr2 436 360 125
4cr2 451 86 127
4cr2 121 291 126
4cr2 355 93 125
4cr2 362 235 124
4cr2 378 80 125
4cr2 121 189 125
4cr2 413 131 128
4cr2 213 301 129
4cr2 322 398 130
4cr2 104 423 129
4cr2 306 95 132
4cr2 93 301 129
4cr2 351 116 134
4cr2 434 193 132
4cr2 35 466 133
4cr2 469 78 138
4cr2 441 224 139
4cr2 92 348 140
4cr2 246 321 144
4cr2 164 379 142
4cr2 171 101 143
4cr2 105 156 142
4cr2 464 268 144
4cr2 424 115 149
4cr2 101 388 146
4cr2 129 308 146
4cr2 300 37 148
4cr2 34 86 151
4cr2 397 293 150
4cr2 216 417 151
4cr2 339 73 152
4cr2 362 52 152
4cr2 446 69 157
4cr2 176 247 156
4cr2 101 129 155
4cr2 151 132 157
4cr2 301 289 157
4cr2 81 329 157
4cr2 115 436 157
4cr2 462 246 158
4cr2 447 302 161
4cr2 310 316 159
4cr2 360 207 160
4cr2 170 199 163
4cr2 281 103 164
4cr2 134 414 164
4cr2 267 391 167
4cr2 200 360 166
4cr2 55 130 165
4cr2 363 202 167
4cr2 337 329 167
4cr2 371 423 168
4cr2 159 417 167
4cr2 408 307 169
4cr2 133 194 170
4cr2 390 222 171
4cr2 320 428 172
4cr2 401 37 194
1qvr 484 215 8
1qvr 123 273 11
1qvr 286 301 10
1qvr 285 165 13
1qvr 479 30 13
1qvr 224 354 15
1qvr 227 43 19
1qvr 471 279 17
1qvr 332 305 19
1qvr 399 354 18
1qvr 466 481 18
1qvr 373 353 20
1qvr 194 423 19
1qvr 172 76 20
1qvr 218 151 22
1qvr 85 158 21
1qvr 53 421 21
1qvr 62 446 21
1qvr 140 142 23
1qvr 165 290 21
1qvr 37 205 25
1qvr 88 273 23
1qvr 255 304 25
1qvr 41 480 23
1qvr 409 58 24
1qvr 306 116 28
1qvr 455 158 25
1qvr 300 168 28
1qvr 66 228 28
1qvr 42 35 28
1qvr 153 79 29
1qvr 36 307 28
1qvr 42 478 31
1qvr 100 47 30
1qvr 134 237 31
1qvr 462 373 30
1qvr 35 435 32
1qvr 308 240 32
1qvr 60 367 36
1qvr 24 70 36
1qvr 313 220 33
1qvr 427 323 35
1qvr 136 161 33
1qvr 243 322 34
1qvr 140 294 35
1qvr 458 312 35
1qvr 456 361 34
1qvr 389 212 36
1qvr 270 217 36
1qvr 117 474 36
1qvr 75 47 38
1qvr 241 317 40
1qvr 134 395 40
1qvr 361 486 40
1qvr 122 199 42
1qvr 365 258 44
1qvr 171 268 43
1qvr 426 382 42
1qvr 410 71 45
1qvr 454 125 44
1qvr 362 158 43
1qvr 392 252 44
1qvr 63 301 44
1qvr 24 359 45
1qvr 250 341 46
1qvr 339 392 49
1qvr 54 406 45
1qvr 285 349 46
1qvr 308 424 46
1qvr 360 55 49
1qvr 325 272 48
1qvr 28 182 48
1qvr 169 232 49
1qvr 155 166 51
1qvr 60 300 49
1qvr 68 374 53
1qvr 470 232 52
1qvr 488 158 53
1qvr 32 175 53
1qvr 68 209 54
1qvr 106 391 53
1qvr 29 83 56
1qvr 143 232 54
1qvr 95 268 55
1qvr 304 424 55
1qvr 488 251 57
1qvr 449 176 58
1qvr 149 426 60
1qvr 77 139 60
1qvr 458 147 59
1qvr 145 233 58
1qvr 174 236 59
1qvr 197 43 60
1qvr 429 54 63
1qvr 166 271 63
1qvr 487 373 62
1qvr 234 432 62
1qvr 82 30 62
1qvr 411 35 65
1qvr 205 24 64
1qvr 264 128 65
1qvr 156 205 68
1qvr 301 278 68
1qvr 54 60 66
1qvr 459 149 68
1qvr 268 423 65
1qvr 468 184 69
1qvr 317 245 67
1qvr 29 380 71
1qvr 173 58 69
1qvr 198 324 69
1qvr 187 395 69
1qvr 156 27 71
1qvr 353 391 71
1qvr 118 231 76
1qvr 43 351 74
1qvr 178 362 74
1qvr 176 437 75
1qvr 175 170 78
1qvr 398 22 75
1qvr 473 347 75
1qvr 436 394 75
1qvr 183 482 77
1qvr 102 72 76
1qvr 255 56 78
1qvr 60 138 79
1qvr 357 248 78
1qvr 138 359 78
1qvr 154 452 82
1qvr 156 26 79
1qvr 452 34 80
1qvr 479 279 82
1qvr 469 440 81
1qvr 230 138 84
1qvr 79 237 84
1qvr 120 281 88
1qvr 205 285 86
1qvr 74 416 85
1qvr 472 39 86
1qvr 83 85 88
1qvr 460 90 85
1qvr 487 192 89
1qvr 277 479 86
1qvr 364 133 86
1qvr 479 238 88
1qvr 275 34 90
1qvr 76 41 88
1qvr 462 120 89
1qvr 102 190 90
1qvr 365 217 90
1qvr 184 314 91
1qvr 47 24 93
1qvr 28 24 93
1qvr 301 152 93
1qvr 94 217 91
1qvr 426 150 93
1qvr 249 215 95
1qvr 473 37 94
1qvr 324 407 96
1qvr 124 483 96
1qvr 60 91 96
1qvr 264 130 97
1qvr 370 166 96
1qvr 267 197 97
1qvr 301 374 96
1qvr 202 409 95
1qvr 467 401 97
1qvr 488 345 99
1qvr 34 192 98
1qvr 188 318 100
1qvr 298 399 99
1qvr 442 50 100
1qvr 122 156 99
1qvr 184 29 100
1qvr 284 50 100
1qvr 399 267 102
1qvr 42 286 102
1qvr 254 293 104
1qvr 317 377 103
1qvr 461 98 103
1qvr 35 140 102
1qvr 279 158 102
1qvr 72 360 102
1qvr 337 40 103
1qvr 256 380 104
1qvr 254 33 104
1qvr 251 327 106
1qvr 26 376 105
1qvr 412 412 105
1qvr 279 47 107
1qvr 411 100 107
1qvr 63 431 109
1qvr 112 127 108
1qvr 462 260 111
1qvr 263 310 108
1qvr 45 375 110
1qvr 127 383 109
1qvr 251 353 114
1qvr 478 167 111
1qvr 400 325 110
1qvr 87 256 111
1qvr 452 282 112
1qvr 466 342 114
1qvr 140 31 117
1qvr 82 321 114
1qvr 99 360 115
1qvr 432 390 113
1qvr 72 454 116
1qvr 66 284 116
1qvr 234 330 120
1qvr 31 480 116
1qvr 169 35 118
1qvr 48 232 121
1qvr 27 265 118
1qvr 431 263 123
1qvr 57 483 120
1qvr 315 39 124
1qvr 215 151 119
1qvr 268 310 121
1qvr 466 341 121
1qvr 131 406 121
1qvr 278 464 121
1qvr 171 180 122
1qvr 118 482 123
1qvr 306 173 122
1qvr 122 289 123
1qvr 395 275 125
1qvr 483 356 124
1qvr 422 40 125
1qvr 98 260 126
1qvr 199 364 126
1qvr 187 336 126
1qvr 325 396 127
1qvr 491 473 127
1qvr 169 314 129
1qvr 73 488 129
1qvr 248 38 132
1qvr 471 71 130
1qvr 124 75 130
1qvr 318 154 130
1qvr 45 163 133
1qvr 27 391 133
1qvr 198 365 131
1qvr 39 266 137
1qvr 77 276 133
1qvr 414 452 135
1qvr 122 191 133
1qvr 127 220 135
1qvr 481 374 134
1qvr 32 422 140
1qvr 169 106 135
1qvr 411 369 134
1qvr 395 345 135
1qvr 305 436 136
1qvr 385 56 137
1qvr 406 150 138
1qvr 175 167 143
1qvr 433 167 140
1qvr 46 344 140
1qvr 171 455 139
1qvr 322 438 141
1qvr 470 456 142
1qvr 49 65 142
1qvr 220 312 145
1qvr 300 42 143
1qvr 466 78 143
1qvr 236 82 145
1qvr 462 317 145
1qvr 42 230 147
1qvr 130 309 145
1qvr 306 393 144
1qvr 267 230 147
1qvr 413 150 146
1qvr 133 31 147
1qvr 388 393 148
1qvr 326 463 147
1qvr 298 36 149
1qvr 301 136 148
1qvr 298 105 152
1qvr 480 128 150
1qvr 204 217 153
1qvr 427 462 154
1qvr 73 189 154
1qvr 441 262 152
1qvr 238 299 154
1qvr 215 31 153
1qvr 401 206 153
1qvr 458 410 153
1qvr 479 322 154
1qvr 265 354 154
1qvr 44 445 160
1qvr 240 393 157
1qvr 262 85 157
1qvr 478 123 156
1qvr 246 176 156
1qvr 217 134 158
1qvr 78 215 162
1qvr 52 221 160
1qvr 266 359 159
1qvr 265 246 160
1qvr 107 108 162
1qvr 62 368 162
1qvr 472 349 164
1qvr 484 475 163
1qvr 386 398 163
1qvr 472 62 165
1qvr 60 236 166
1qvr 55 127 166
1qvr 291 226 168
1qvr 214 166 168
1qvr 156 376 169
1qvr 442 404 168
1qvr 373 422 168
1qvr 137 261 169
1qvr 26 140 169
1qvr 340 327 171
1qvr 487 439 170
1qvr 41 345 171
1qvr 412 348 170
1qvr 162 411 170
1qvr 362 92 172
1qvr 238 260 173
1qvr 190 36 177
1qvr 456 39 173
1qvr 171 148 175
1qvr 339 351 173
1qvr 167 438 174
1qvr 253 329 175
1qvr 319 425 176
1qvr 301 255 177
1qvr 65 268 178
1qvr 39 120 180
1qvr 470 394 179
1qvr 407 416 180
1qvr 57 303 180
1qvr 456 39 181
1qvr 208 337 183
1qvr 31 136 184
1qvr 410 221 183
1qvr 487 129 186
1qvr 398 39 194
1qvr 460 151 193
3h84 362 230 2
3h84 187 330 6
3h84 331 146 9
3h84 414 57 10
3h84 74 21 12
3h84 460 75 12
3h84 472 141 16
3h84 388 314 17
3h84 184 412 20
3h84 24 388 20
3h84 421 90 24
3h84 197 420 22
3h84 419 373 27
3h84 184 266 28
3h84 478 92 30
3h84 41 37 30
3h84 486 62 33
3h84 64 304 32
3h84 271 455 34
3h84 29 346 38
3h84 427 428 38
3h84 489 482 40
3h84 490 301 41
3h84 23 454 42
3h84 150 443 49
3h84 377 347 51
3h84 266 454 55
3h84 416 299 58
3h84 87 413 59
3h84 488 372 60
3h84 280 315 64
3h84 359 135 66
3h84 205 248 68
3h84 481 256 79
3h84 26 486 81
3h84 260 237 83
3h84 26 285 84
3h84 215 103 88
3h84 435 184 87
3h84 375 327 90
3h84 471 175 94
3h84 416 479 93
3h84 85 71 96
3h84 278 157 98
3h84 154 265 100
3h84 440 84 103
3h84 471 308 105
3h84 372 454 108
3h84 318 462 113
3h84 485 496 119
3h84 390 251 122
3h84 455 185 124
3h84 215 475 125
3h84 256 160 128
3h84 438 246 131
3h84 308 437 133
3h84 368 123 136
3h84 198 329 141
3h84 346 388 141
3h84 214 359 143
3h84 218 310 144
3h84 423 121 145
3h84 387 247 145
3h84 431 247 149
3h84 419 422 153
3h84 250 55 157
3h84 201 20 160
3h84 406 148 160
3h84 410 461 164
3h84 166 27 166
3h84 242 382 167
3h84 431 444 170
3h84 479 55 172
3h84 56 216 173
3h84 195 393 177
3h84 23 344 180
3h84 437 306 183
3h84 43 248 184
3h84 22 387 186
3h84 311 473 186
3h84 349 77 189
3h84 367 243 189
3h84 215 57 190
3h84 298 347 192
3h84 273 145 194
3h84 487 213 196
3h84 42 79 198
2cg9 86 154 2
2cg9 442 101 7
2cg9 139 402 7
2cg9 438 309 9
2cg9 74 21 12
2cg9 465 335 13
2cg9 269 363 17
2cg9 198 163 17
2cg9 37 340 19
2cg9 57 74 20
2cg9 439 355 19
2cg9 454 156 21
2cg9 213 330 21
2cg9 419 167 22
2cg9 395 330 25
2cg9 120 123 26
2cg9 479 91 30
2cg9 20 153 28
2cg9 486 62 31
2cg9 186 124 32
2cg9 379 235 31
2cg9 387 371 32
2cg9 165 131 35
2cg9 440 275 36
2cg9 54 148 39
2cg9 160 328 38
2cg9 408 147 41
2cg9 22 363 41
2cg9 460 314 43
2cg9 473 407 43
2cg9 39 156 45
2cg9 56 164 45
2cg9 231 124 47
2cg9 48 126 50
2cg9 22 413 51
2cg9 444 74 53
2cg9 188 299 53
2cg9 458 440 53
2cg9 363 76 54
2cg9 34 171 55
2cg9 248 330 54
2cg9 252 152 58
2cg9 213 104 56
2cg9 24 129 59
2cg9 470 414 60
2cg9 471 108 59
2cg9 440 297 61
2cg9 150 348 61
2cg9 244 377 63
2cg9 419 209 63
2cg9 88 363 63
2cg9 214 102 63
2cg9 177 98 68
2cg9 141 403 68
2cg9 150 348 67
2cg9 43 158 69
2cg9 182 340 69
2cg9 20 97 72
2cg9 158 130 70
2cg9 436 397 70
2cg9 167 459 71
2cg9 464 206 74
2cg9 387 339 72
2cg9 57 140 73
2cg9 282 104 73
2cg9 412 278 74
2cg9 262 36 77
2cg9 73 342 76
2cg9 173 171 79
2cg9 491 362 79
2cg9 280 370 81
2cg9 459 215 83
2cg9 158 155 85
2cg9 70 330 85
2cg9 19 72 86
2cg9 82 187 85
2cg9 188 36 87
2cg9 216 103 88
2cg9 341 133 90
2cg9 22 322 90
2cg9 263 396 89
2cg9 22 414 92
2cg9 118 84 96
2cg9 217 104 95
2cg9 471 173 97
2cg9 396 325 96
2cg9 471 103 97
2cg9 262 363 97
2cg9 435 371 102
2cg9 251 74 100
2cg9 439 84 103
2cg9 214 86 105
2cg9 20 157 106
2cg9 69 115 105
2cg9 156 121 108
2cg9 442 125 106
2cg9 424 57 106
2cg9 359 395 106
2cg9 435 108 108
2cg9 129 327 109
2cg9 99 203 112
2cg9 380 196 114
2cg9 106 83 114
2cg9 437 204 116
2cg9 165 90 118
2cg9 182 124 117
2cg9 67 38 119
2cg9 408 348 120
2cg9 201 172 123
2cg9 278 165 123
2cg9 473 205 123
2cg9 279 418 123
2cg9 453 140 126
2cg9 133 362 126
2cg9 213 474 129
2cg9 232 123 129
2cg9 308 123 132
2cg9 206 234 133
2cg9 75 274 131
2cg9 436 293 133
2cg9 207 139 133
2cg9 40 133 137
2cg9 244 208 136
2cg9 308 373 137
2cg9 38 148 138
2cg9 214 360 141
2cg9 37 103 139
2cg9 256 123 140
2cg9 198 329 140
2cg9 197 59 141
2cg9 468 120 140
2cg9 374 325 143
2cg9 246 197 145
2cg9 19 402 149
2cg9 189 411 148
2cg9 267 411 147
2cg9 449 379 150
2cg9 55 22 152
2cg9 263 84 152
2cg9 182 88 154
2cg9 40 115 154
2cg9 412 331 155
2cg9 242 105 155
2cg9 261 138 157
2cg9 57 127 158
2cg9 434 136 158
2cg9 171 305 160
2cg9 35 380 159
2cg9 457 415 158
2cg9 381 38 161
2cg9 51 308 161
2cg9 456 342 160
2cg9 440 396 160
2cg9 438 154 168
2cg9 467 27 166
2cg9 133 324 167
2cg9 293 132 168
2cg9 236 132 168
2cg9 25 141 170
2cg9 375 371 171
2cg9 387 99 173
2cg9 214 299 174
2cg9 182 308 175
2cg9 427 329 176
2cg9 149 98 175
2cg9 196 395 174
2cg9 461 74 177
2cg9 215 162 176
2cg9 284 426 177
2cg9 71 374 177
2cg9 459 185 177
2cg9 72 196 178
2cg9 160 85 181
2cg9 389 131 179
2cg9 428 22 181
2cg9 33 99 183
2cg9 439 307 187
2cg9 380 119 188
2cg9 169 139 192
2cg9 457 405 194
3qm1 367 509 1
3qm1 472 252 1
3qm1 19 43 3
3qm1 332 145 9
3qm1 320 225 10
3qm1 258 299 8
3qm1 59 23 10
3qm1 460 75 12
3qm1 269 277 12
3qm1 74 20 13
3qm1 137 96 14
3qm1 85 157 15
3qm1 128 221 15
3qm1 270 365 15
3qm1 180 428 15
3qm1 78 36 17
3qm1 472 140 16
3qm1 320 379 16
3qm1 284 324 19
3qm1 57 74 20
3qm1 389 492 20
3qm1 445 141 23
3qm1 314 154 22
3qm1 147 490 22
3qm1 78 71 24
3qm1 414 131 25
3qm1 419 373 27
3qm1 23 195 26
3qm1 106 222 26
3qm1 185 266 28
3qm1 95 487 27
3qm1 164 454 28
3qm1 300 414 29
3qm1 183 169 30
3qm1 103 85 30
3qm1 64 304 32
3qm1 140 220 32
3qm1 369 51 33
3qm1 333 276 33
3qm1 119 427 33
3qm1 485 63 34
3qm1 40 185 34
3qm1 139 262 34
3qm1 465 466 34
3qm1 299 70 36
3qm1 107 227 35
3qm1 72 427 36
3qm1 207 84 38
3qm1 90 266 38
3qm1 453 429 38
3qm1 278 76 40
3qm1 382 116 40
3qm1 332 318 40
3qm1 432 80 40
3qm1 223 300 41
3qm1 489 302 41
3qm1 157 18 41
3qm1 202 168 42
3qm1 366 85 43
3qm1 53 95 44
3qm1 76 124 43
3qm1 416 347 44
3qm1 138 114 45
3qm1 47 287 44
3qm1 18 403 45
3qm1 140 94 46
3qm1 32 488 46
3qm1 153 262 48
3qm1 150 443 49
3qm1 404 144 49
3qm1 176 162 52
3qm1 178 252 52
3qm1 458 382 52
3qm1 456 440 51
3qm1 415 26 54
3qm1 206 177 54
3qm1 361 260 53
3qm1 236 275 53
3qm1 188 404 54
3qm1 73 138 55
3qm1 404 32 55
3qm1 63 235 56
3qm1 332 248 57
3qm1 110 459 58
3qm1 480 12 59
3qm1 316 40 60
3qm1 157 481 62
3qm1 297 360 62
3qm1 30 30 62
3qm1 174 32 62
3qm1 100 147 63
3qm1 14 228 64
3qm1 220 366 62
3qm1 265 424 62
3qm1 88 51 64
3qm1 428 174 64
3qm1 95 189 65
3qm1 159 44 66
3qm1 400 340 66
3qm1 252 410 69
3qm1 18 96 69
3qm1 470 399 68
3qm1 340 164 70
3qm1 308 212 69
3qm1 120 265 70
3qm1 490 296 70
3qm1 470 234 72
3qm1 192 191 71
3qm1 410 221 72
3qm1 93 250 72
3qm1 239 387 71
3qm1 193 451 74
3qm1 171 46 75
3qm1 23 228 75
3qm1 58 35 77
3qm1 194 299 77
3qm1 271 243 77
3qm1 292 354 78
3qm1 420 158 79
3qm1 480 255 79
3qm1 368 48 81
3qm1 32 82 81
3qm1 354 100 80
3qm1 242 267 80
3qm1 26 486 81
3qm1 34 57 82
3qm1 169 236 83
3qm1 390 55 84
3qm1 79 118 85
3qm1 260 237 83
3qm1 26 250 84
3qm1 103 40 84
3qm1 87 144 86
3qm1 324 302 86
3qm1 186 57 87
3qm1 435 186 87
3qm1 215 103 88
3qm1 80 170 90
3qm1 314 445 88
3qm1 53 105 90
3qm1 376 328 91
3qm1 419 332 90
3qm1 432 209 91
3qm1 18 62 92
3qm1 72 219 93
3qm1 161 499 93
3qm1 164 260 94
3qm1 488 258 94
3qm1 164 288 94
3qm1 178 434 96
3qm1 470 175 95
3qm1 392 439 97
3qm1 404 495 98
3qm1 92 325 98
3qm1 470 172 100
3qm1 153 264 100
3qm1 16 36 101
3qm1 212 168 102
3qm1 440 84 103
3qm1 16 172 102
3qm1 263 28 104
3qm1 471 307 105
3qm1 95 411 106
3qm1 83 492 105
3qm1 248 193 107
3qm1 324 226 107
3qm1 192 284 109
3qm1 65 431 108
3qm1 392 17 109
3qm1 118 171 110
3qm1 243 302 111
3qm1 152 410 111
3qm1 260 213 111
3qm1 148 256 112
3qm1 319 461 113
3qm1 39 54 114
3qm1 460 174 114
3qm1 340 220 114
3qm1 183 219 116
3qm1 484 496 118
3qm1 200 36 117
3qm1 136 340 118
3qm1 375 280 119
3qm1 203 289 118
3qm1 146 90 120
3qm1 361 51 120
3qm1 288 256 123
3qm1 250 369 120
3qm1 427 451 120
3qm1 380 340 121
3qm1 54 425 122
3qm1 390 251 123
3qm1 455 185 125
3qm1 214 411 124
3qm1 66 232 125
3qm1 396 394 126
3qm1 58 418 128
3qm1 209 235 129
3qm1 438 246 130
3qm1 66 450 131
3qm1 309 124 132
3qm1 405 129 132
3qm1 208 140 133
3qm1 380 286 133
3qm1 438 265 134
3qm1 168 13 134
3qm1 367 123 135
3qm1 230 349 136
3qm1 219 194 138
3qm1 39 252 138
3qm1 48 22 140
3qm1 195 58 140
3qm1 193 274 140
3qm1 65 426 140
3qm1 113 114 142
3qm1 291 212 141
3qm1 347 387 142
3qm1 346 286 143
3qm1 139 152 145
3qm1 393 415 145
3qm1 41 443 148
3qm1 168 70 151
3qm1 430 245 149
3qm1 186 21 151
3qm1 245 200 151
3qm1 328 225 152
3qm1 59 283 152
3qm1 39 58 156
3qm1 222 145 154
3qm1 488 216 154
3qm1 404 288 154
3qm1 46 396 154
3qm1 485 498 154
3qm1 239 467 156
3qm1 383 38 157
3qm1 251 54 157
3qm1 361 16 159
3qm1 201 20 161
3qm1 408 148 160
3qm1 496 436 160
3qm1 189 465 161
3qm1 484 26 163
3qm1 482 283 163
3qm1 452 306 164
3qm1 166 26 166
3qm1 422 284 164
3qm1 411 460 165
3qm1 468 429 166
3qm1 243 461 168
3qm1 135 382 170
3qm1 180 418 169
3qm1 368 178 171
3qm1 431 443 170
3qm1 116 481 171
3qm1 480 56 172
3qm1 56 216 173
3qm1 203 229 174
3qm1 168 411 174
3qm1 24 336 176
3qm1 429 29 177
3qm1 195 392 177
3qm1 195 260 177
3qm1 23 344 180
3qm1 180 464 179
3qm1 312 110 180
3qm1 223 44 182
3qm1 438 307 183
3qm1 228 434 183
3qm1 88 86 185
3qm1 460 251 186
3qm1 306 18 188
3qm1 422 107 188
3qm1 368 243 189
3qm1 79 472 188
3qm1 216 56 189
3qm1 137 399 189
3qm1 123 493 189
3qm1 456 442 192
3qm1 277 493 194
3qm1 395 38 195
3qm1 425 186 198
3gl1 213 204 5
3gl1 258 298 8
3gl1 332 145 9
3gl1 321 225 11
3gl1 127 221 15
3gl1 473 140 15
3gl1 228 136 17
3gl1 458 107 18
3gl1 144 333 18
3gl1 453 156 20
3gl1 439 356 18
3gl1 419 167 21
3gl1 295 171 20
3gl1 159 250 22
3gl1 421 88 22
3gl1 488 425 24
3gl1 454 90 25
3gl1 415 132 25
3gl1 117 474 25
3gl1 22 333 26
3gl1 53 74 28
3gl1 245 98 28
3gl1 164 454 28
3gl1 479 91 30
3gl1 245 252 28
3gl1 184 266 29
3gl1 405 180 30
3gl1 485 62 32
3gl1 180 395 31
3gl1 228 43 32
3gl1 185 122 33
3gl1 140 220 33
3gl1 138 262 34
3gl1 465 466 34
3gl1 71 426 37
3gl1 358 214 37
3gl1 246 225 38
3gl1 181 468 39
3gl1 493 230 41
3gl1 185 163 42
3gl1 181 251 42
3gl1 202 392 45
3gl1 217 358 46
3gl1 426 460 46
3gl1 405 144 48
3gl1 377 307 48
3gl1 22 413 49
3gl1 439 483 51
3gl1 453 308 52
3gl1 457 440 53
3gl1 405 95 56
3gl1 493 264 58
3gl1 233 291 56
3gl1 480 12 59
3gl1 389 474 61
3gl1 249 152 62
3gl1 296 360 62
3gl1 117 266 63
3gl1 13 228 63
3gl1 420 211 64
3gl1 405 362 64
3gl1 294 132 66
3gl1 164 155 65
3gl1 463 206 72
3gl1 228 495 67
3gl1 371 42 69
3gl1 470 234 71
3gl1 388 251 70
3gl1 463 298 75
3gl1 260 57 76
3gl1 193 299 78
3gl1 433 388 77
3gl1 293 354 79
3gl1 490 362 80
3gl1 261 236 82
3gl1 509 438 83
3gl1 473 27 84
3gl1 325 301 85
3gl1 232 109 86
3gl1 324 220 86
3gl1 100 469 87
3gl1 325 490 87
3gl1 209 388 88
3gl1 164 471 88
3gl1 389 28 90
3gl1 249 43 89
3gl1 405 227 90
3gl1 252 76 92
3gl1 471 174 96
3gl1 432 210 91
3gl1 298 199 93
3gl1 466 406 92
3gl1 269 427 94
3gl1 85 74 96
3gl1 433 370 97
3gl1 20 413 99
3gl1 209 147 100
3gl1 244 148 100
3gl1 153 264 101
3gl1 213 168 102
3gl1 440 84 103
3gl1 413 20 105
3gl1 21 157 104
3gl1 472 308 105
3gl1 477 472 105
3gl1 441 125 107
3gl1 436 458 106
3gl1 325 226 107
3gl1 276 234 111
3gl1 345 405 110
3gl1 231 69 111
3gl1 489 332 111
3gl1 149 257 113
3gl1 39 53 114
3gl1 155 381 115
3gl1 341 217 114
3gl1 376 218 115
3gl1 470 318 114
3gl1 248 188 116
3gl1 405 417 116
3gl1 200 37 118
3gl1 251 370 121
3gl1 486 496 121
3gl1 201 172 123
3gl1 474 441 122
3gl1 492 458 121
3gl1 54 424 122
3gl1 453 92 125
3gl1 278 420 123
3gl1 214 475 127
3gl1 149 314 128
3gl1 473 326 127
3gl1 246 38 129
3gl1 88 243 130
3gl1 439 246 130
3gl1 308 123 132
3gl1 405 129 132
3gl1 208 140 133
3gl1 324 212 132
3gl1 39 133 136
3gl1 461 122 135
3gl1 493 73 137
3gl1 232 488 138
3gl1 376 281 140
3gl1 198 329 140
3gl1 160 388 141
3gl1 197 58 142
3gl1 468 178 141
3gl1 346 388 141
3gl1 372 322 143
3gl1 138 152 145
3gl1 423 122 145
3gl1 141 383 148
3gl1 20 402 148
3gl1 423 223 149
3gl1 470 274 149
3gl1 473 104 150
3gl1 244 200 152
3gl1 197 20 154
3gl1 488 216 155
3gl1 310 19 156
3gl1 39 58 157
3gl1 53 218 158
3gl1 200 20 160
3gl1 245 362 159
3gl1 456 342 160
3gl1 501 48 161
3gl1 436 252 162
3gl1 484 26 163
3gl1 437 155 167
3gl1 453 298 166
3gl1 243 382 166
3gl1 197 484 166
3gl1 469 62 168
3gl1 243 461 169
3gl1 324 140 169
3gl1 368 178 170
3gl1 68 198 169
3gl1 498 348 172
3gl1 436 187 172
3gl1 56 215 173
3gl1 469 156 174
3gl1 453 37 175
3gl1 196 392 176
3gl1 212 379 178
3gl1 180 465 179
3gl1 72 196 179
3gl1 249 60 181
3gl1 144 180 180
3gl1 133 59 181
3gl1 434 379 183
3gl1 472 24 182
3gl1 437 306 184
3gl1 229 434 183
3gl1 461 251 186
3gl1 22 387 186
3gl1 297 168 185
3gl1 200 388 187
3gl1 137 400 189
3gl1 24 85 192
3gl1 296 346 193
3gl1 477 145 196
3gl1 340 251 196
3gl1 424 185 198
3d2f 482 217 9
3d2f 331 145 10
3d2f 59 23 11
3d2f 88 296 12
3d2f 472 140 16
3d2f 321 367 16
3d2f 57 354 18
3d2f 438 356 18
3d2f 37 340 19
3d2f 314 153 21
3d2f 74 393 23
3d2f 314 299 25
3d2f 205 89 27
3d2f 394 330 26
3d2f 42 181 28
3d2f 185 266 28
3d2f 22 333 28
3d2f 477 91 31
3d2f 486 63 32
3d2f 234 286 32
3d2f 185 122 33
3d2f 90 366 34
3d2f 465 467 34
3d2f 416 170 35
3d2f 89 450 37
3d2f 90 265 39
3d2f 72 426 37
3d2f 31 432 39
3d2f 30 346 39
3d2f 479 169 41
3d2f 441 409 43
3d2f 57 164 45
3d2f 217 358 46
3d2f 474 123 47
3d2f 405 316 47
3d2f 169 233 47
3d2f 376 308 48
3d2f 72 73 50
3d2f 444 73 52
3d2f 457 440 53
3d2f 317 104 58
3d2f 252 151 58
3d2f 26 81 57
3d2f 318 153 60
3d2f 390 475 61
3d2f 87 363 62
3d2f 286 192 65
3d2f 23 467 65
3d2f 288 141 66
3d2f 164 155 65
3d2f 497 393 66
3d2f 487 320 67
3d2f 464 205 73
3d2f 489 296 70
3d2f 157 105 75
3d2f 25 154 75
3d2f 313 351 74
3d2f 463 299 77
3d2f 89 159 77
3d2f 44 328 79
3d2f 490 362 80
3d2f 47 379 79
3d2f 458 216 82
3d2f 71 330 84
3d2f 19 72 87
3d2f 280 277 86
3d2f 367 461 89
3d2f 343 368 90
3d2f 252 76 92
3d2f 490 347 90
3d2f 21 415 92
3d2f 100 77 94
3d2f 471 173 97
3d2f 264 362 95
3d2f 279 157 99
3d2f 91 184 102
3d2f 20 158 107
3d2f 158 121 105
3d2f 477 472 105
3d2f 441 125 107
3d2f 25 379 106
3d2f 23 173 108
3d2f 312 323 109
3d2f 153 158 111
3d2f 154 105 112
3d2f 155 121 110
3d2f 44 376 113
3d2f 40 53 113
3d2f 319 461 114
3d2f 377 217 116
3d2f 164 90 118
3d2f 220 424 118
3d2f 408 348 120
3d2f 314 39 121
3d2f 251 369 122
3d2f 319 283 121
3d2f 474 441 122
3d2f 201 171 123
3d2f 455 186 123
3d2f 56 423 124
3d2f 473 205 124
3d2f 213 474 128
3d2f 133 362 126
3d2f 282 60 129
3d2f 453 140 126
3d2f 104 473 126
3d2f 233 363 126
3d2f 331 440 127
3d2f 25 444 128
3d2f 494 473 129
3d2f 297 66 131
3d2f 479 121 129
3d2f 297 468 132
3d2f 44 25 136
3d2f 464 119 135
3d2f 492 72 137
3d2f 299 71 136
3d2f 39 133 136
3d2f 177 63 139
3d2f 140 375 138
3d2f 485 209 139
3d2f 218 312 140
3d2f 200 327 140
3d2f 142 346 144
3d2f 472 459 144
3d2f 424 122 144
3d2f 133 171 145
3d2f 363 476 145
3d2f 41 115 152
3d2f 351 173 148
3d2f 423 222 148
3d2f 140 383 149
3d2f 286 194 150
3d2f 266 137 151
3d2f 41 365 153
3d2f 38 58 155
3d2f 300 106 154
3d2f 240 298 156
3d2f 218 414 156
3d2f 321 490 156
3d2f 495 73 157
3d2f 21 129 157
3d2f 170 305 160
3d2f 474 217 160
3d2f 109 296 160
3d2f 201 192 162
3d2f 410 56 163
3d2f 311 314 165
3d2f 366 122 166
3d2f 172 330 167
3d2f 315 383 167
3d2f 438 154 168
3d2f 26 426 168
3d2f 424 452 169
3d2f 68 198 170
3d2f 413 346 169
3d2f 149 90 171
3d2f 26 143 171
3d2f 104 297 173
3d2f 384 133 175
3d2f 70 474 177
3d2f 462 73 177
3d2f 457 184 177
3d2f 42 276 178
3d2f 312 473 176
3d2f 416 158 178
3d2f 72 196 178
3d2f 249 60 179
3d2f 124 96 179
3d2f 43 460 182
3d2f 172 489 180
3d2f 189 337 183
3d2f 299 168 184
3d2f 43 249 182
3d2f 208 339 183
3d2f 442 440 183
3d2f 459 251 186
3d2f 23 387 185
3d2f 219 401 187
3d2f 169 138 192
3d2f 480 115 195
4d8q 467 339 19
4d8q 183 444 18
4d8q 354 31 19
4d8q 35 305 21
4d8q 273 426 22
4d8q 217 204 21
4d8q 199 222 21
4d8q 409 225 22
4d8q 146 452 24
4d8q 449 392 26
4d8q 470 416 23
4d8q 258 139 28
4d8q 135 238 25
4d8q 68 321 29
4d8q 175 332 28
4d8q 255 382 30
4d8q 436 342 29
4d8q 176 395 32
4d8q 119 450 30
4d8q 116 473 30
4d8q 92 71 31
4d8q 271 218 32
4d8q 210 234 33
4d8q 428 232 35
4d8q 271 354 35
4d8q 297 362 34
4d8q 119 50 35
4d8q 154 79 35
4d8q 265 119 36
4d8q 270 43 38
4d8q 347 269 37
4d8q 268 333 41
4d8q 56 405 38
4d8q 379 70 41
4d8q 22 282 40
4d8q 217 111 42
4d8q 346 245 43
4d8q 196 283 43
4d8q 111 163 43
4d8q 309 209 44
4d8q 48 234 44
4d8q 35 390 41
4d8q 162 293 45
4d8q 286 88 46
4d8q 492 209 48
4d8q 349 211 49
4d8q 282 277 48
4d8q 59 337 46
4d8q 285 349 51
4d8q 328 29 51
4d8q 42 203 52
4d8q 127 19 52
4d8q 143 298 55
4d8q 329 218 56
4d8q 168 83 55
4d8q 126 48 56
4d8q 399 95 58
4d8q 211 156 54
4d8q 64 464 56
4d8q 162 396 56
4d8q 59 491 57
4d8q 40 101 59
4d8q 84 32 59
4d8q 203 358 62
4d8q 373 102 62
4d8q 132 278 64
4d8q 192 384 60
4d8q 235 51 66
4d8q 475 266 64
4d8q 461 70 68
4d8q 406 140 67
4d8q 385 449 66
4d8q 206 24 70
4d8q 362 215 67
4d8q 396 231 68
4d8q 388 255 68
4d8q 353 310 65
4d8q 488 372 66
4d8q 66 300 70
4d8q 267 374 71
4d8q 74 204 71
4d8q 279 300 71
4d8q 473 347 71
4d8q 325 346 69
4d8q 342 223 71
4d8q 441 363 74
4d8q 427 83 75
4d8q 104 331 74
4d8q 231 295 74
4d8q 114 404 76
4d8q 124 486 77
4d8q 157 28 76
4d8q 398 113 81
4d8q 323 151 81
4d8q 420 409 79
4d8q 314 31 78
4d8q 146 386 81
4d8q 213 255 84
4d8q 98 386 85
4d8q 369 485 83
4d8q 414 97 84
4d8q 157 229 86
4d8q 383 297 83
4d8q 194 161 86
4d8q 102 295 87
4d8q 337 170 89
4d8q 418 362 86
4d8q 309 107 90
4d8q 65 154 89
4d8q 229 178 90
4d8q 278 480 92
4d8q 474 37 90
4d8q 121 42 93
4d8q 333 429 93
4d8q 192 467 94
4d8q 440 28 96
4d8q 339 41 97
4d8q 136 128 97
4d8q 370 429 97
4d8q 179 453 98
4d8q 448 336 98
4d8q 153 378 101
4d8q 485 486 100
4d8q 301 89 102
4d8q 274 264 101
4d8q 224 404 101
4d8q 58 327 107
4d8q 238 487 106
4d8q 466 193 107
4d8q 273 82 110
4d8q 388 141 110
4d8q 106 271 110
4d8q 216 151 112
4d8q 169 336 112
4d8q 353 436 113
4d8q 218 185 114
4d8q 437 318 113
4d8q 135 448 115
4d8q 479 169 116
4d8q 317 258 115
4d8q 260 447 114
4d8q 462 470 114
4d8q 454 369 118
4d8q 356 48 117
4d8q 487 105 117
4d8q 310 321 116
4d8q 178 360 119
4d8q 424 40 120
4d8q 63 76 120
4d8q 236 232 119
4d8q 114 344 119
4d8q 26 265 121
4d8q 101 228 122
4d8q 359 464 123
4d8q 290 357 123
4d8q 330 177 126
4d8q 309 343 124
4d8q 357 416 124
4d8q 297 271 126
4d8q 375 27 129
4d8q 184 460 126
4d8q 305 175 128
4d8q 273 443 130
4d8q 394 345 131
4d8q 180 290 130
4d8q 128 440 130
4d8q 392 147 131
4d8q 65 42 133
4d8q 229 401 135
4d8q 277 37 137
4d8q 132 107 134
4d8q 163 278 134
4d8q 302 299 135
4d8q 457 43 137
4d8q 73 373 137
4d8q 374 445 139
4d8q 190 391 140
4d8q 229 109 139
4d8q 261 182 140
4d8q 346 215 140
4d8q 83 39 141
4d8q 351 175 141
4d8q 276 249 140
4d8q 158 245 143
4d8q 381 133 143
4d8q 155 206 142
4d8q 297 348 142
4d8q 462 151 144
4d8q 215 32 146
4d8q 162 53 145
4d8q 325 109 145
4d8q 389 396 144
4d8q 480 48 147
4d8q 307 393 149
4d8q 322 440 145
4d8q 219 482 146
4d8q 76 138 148
4d8q 331 416 151
4d8q 150 413 150
4d8q 432 430 149
4d8q 181 45 152
4d8q 67 489 153
4d8q 289 70 152
4d8q 340 140 154
4d8q 107 312 153
4d8q 59 421 155
4d8q 77 85 153
4d8q 382 166 154
4d8q 205 258 157
4d8q 314 267 157
4d8q 294 362 159
4d8q 450 208 162
4d8q 343 223 164
4d8q 225 41 164
4d8q 281 44 165
4d8q 56 127 162
4d8q 63 101 168
4d8q 426 185 168
4d8q 388 195 169
4d8q 157 375 172
4d8q 71 262 172
4d8q 108 377 170
4d8q 86 136 173
4d8q 328 197 173
4d8q 214 468 173
4d8q 192 260 173
4d8q 378 275 176
4d8q 57 304 175
4d8q 159 277 175
4d8q 457 39 177
4d8q 123 223 177
4d8q 258 484 177
4d8q 467 125 178
4d8q 236 211 176
4d8q 411 475 177
4d8q 349 109 179
4d8q 184 123 179
4d8q 31 372 179
4d8q 429 88 180
4d8q 487 128 181
4d8q 301 254 182
1bxn 170 89 2
1bxn 110 344 12
1bxn 34 138 15
1bxn 288 302 14
1bxn 490 91 14
1bxn 107 55 14
1bxn 167 164 16
1bxn 324 403 17
1bxn 173 76 17
1bxn 442 233 16
1bxn 31 363 19
1bxn 464 237 19
1bxn 62 447 19
1bxn 321 366 19
1bxn 276 395 20
1bxn 231 401 22
1bxn 191 469 20
1bxn 217 153 23
1bxn 128 374 23
1bxn 259 255 22
1bxn 288 44 23
1bxn 410 56 23
1bxn 394 136 24
1bxn 197 313 24
1bxn 305 140 26
1bxn 427 184 25
1bxn 351 340 26
1bxn 293 487 29
1bxn 473 496 29
1bxn 209 51 29
1bxn 206 118 27
1bxn 488 426 29
1bxn 259 477 29
1bxn 137 163 30
1bxn 380 405 29
1bxn 99 393 29
1bxn 287 434 34
1bxn 113 372 31
1bxn 368 49 34
1bxn 79 147 36
1bxn 479 169 35
1bxn 258 454 38
1bxn 186 86 38
1bxn 424 288 43
1bxn 72 17 43
1bxn 138 137 43
1bxn 373 383 46
1bxn 278 135 46
1bxn 359 425 46
1bxn 401 364 45
1bxn 481 383 45
1bxn 144 354 48
1bxn 442 408 47
1bxn 217 85 53
1bxn 305 425 51
1bxn 365 441 50
1bxn 493 121 54
1bxn 123 134 50
1bxn 86 236 51
1bxn 70 71 52
1bxn 299 253 52
1bxn 323 466 54
1bxn 156 493 54
1bxn 494 38 55
1bxn 283 453 55
1bxn 106 90 57
1bxn 75 138 55
1bxn 403 35 57
1bxn 51 445 59
1bxn 253 341 61
1bxn 121 401 57
1bxn 19 339 61
1bxn 481 465 59
1bxn 213 103 61
1bxn 488 144 62
1bxn 176 236 60
1bxn 374 414 63
1bxn 223 261 66
1bxn 151 349 64
1bxn 456 314 65
1bxn 287 482 66
1bxn 442 109 66
1bxn 470 286 66
1bxn 173 57 68
1bxn 302 165 69
1bxn 271 70 71
1bxn 450 280 72
1bxn 302 395 69
1bxn 342 267 70
1bxn 353 392 72
1bxn 230 178 71
1bxn 260 36 73
1bxn 72 342 73
1bxn 36 201 73
1bxn 66 385 75
1bxn 301 462 75
1bxn 208 54 77
1bxn 497 68 78
1bxn 254 328 78
1bxn 233 108 83
1bxn 315 121 79
1bxn 220 224 81
1bxn 429 318 80
1bxn 470 441 80
1bxn 74 414 82
1bxn 291 227 83
1bxn 360 339 83
1bxn 33 58 85
1bxn 49 72 84
1bxn 257 106 85
1bxn 478 128 85
1bxn 369 174 84
1bxn 135 62 87
1bxn 193 133 88
1bxn 82 185 88
1bxn 14 105 90
1bxn 46 410 88
1bxn 170 213 88
1bxn 265 363 88
1bxn 92 312 89
1bxn 466 344 89
1bxn 341 402 89
1bxn 463 254 89
1bxn 464 157 91
1bxn 196 365 93
1bxn 449 486 92
1bxn 382 68 92
1bxn 94 105 94
1bxn 271 336 93
1bxn 309 466 92
1bxn 396 287 94
1bxn 176 47 97
1bxn 46 226 96
1bxn 55 201 98
1bxn 182 130 99
1bxn 84 149 99
1bxn 123 156 101
1bxn 402 202 102
1bxn 105 21 103
1bxn 255 426 103
1bxn 395 484 103
1bxn 16 401 105
1bxn 264 473 104
1bxn 181 493 104
1bxn 460 98 105
1bxn 136 145 108
1bxn 488 15 107
1bxn 70 115 108
1bxn 286 496 107
1bxn 28 431 108
1bxn 469 322 111
1bxn 488 85 111
1bxn 355 183 110
1bxn 248 190 112
1bxn 256 20 112
1bxn 73 455 113
1bxn 133 406 115
1bxn 322 409 116
1bxn 257 251 118
1bxn 373 439 116
1bxn 199 82 120
1bxn 138 498 119
1bxn 26 47 121
1bxn 376 216 119
1bxn 186 255 119
1bxn 261 402 121
1bxn 414 481 122
1bxn 22 189 123
1bxn 273 228 123
1bxn 448 494 122
1bxn 363 275 123
1bxn 435 393 124
1bxn 148 467 126
1bxn 187 337 127
1bxn 195 101 129
1bxn 248 38 132
1bxn 347 149 131
1bxn 227 285 130
1bxn 448 16 134
1bxn 363 350 131
1bxn 97 174 134
1bxn 442 225 133
1bxn 146 441 132
1bxn 366 498 133
1bxn 146 284 136
1bxn 40 300 135
1bxn 36 103 135
1bxn 256 122 138
1bxn 171 455 139
1bxn 205 114 140
1bxn 442 345 140
1bxn 283 397 139
1bxn 59 88 140
1bxn 432 169 140
1bxn 291 445 146
1bxn 422 35 144
1bxn 329 175 145
1bxn 340 250 147
1bxn 256 442 148
1bxn 381 62 148
1bxn 200 74 151
1bxn 234 82 149
1bxn 113 153 149
1bxn 133 31 150
1bxn 249 266 153
1bxn 144 218 152
1bxn 364 280 155
1bxn 241 421 155
1bxn 492 487 155
1bxn 263 87 154
1bxn 483 181 155
1bxn 434 136 156
1bxn 251 217 157
1bxn 421 154 158
1bxn 82 441 157
1bxn 486 146 160
1bxn 118 252 162
1bxn 76 218 161
1bxn 113 457 166
1bxn 59 237 165
1bxn 213 298 167
1bxn 19 219 168
1bxn 474 381 168
1bxn 171 329 170
1bxn 378 426 168
1bxn 213 498 169
1bxn 114 19 171
1bxn 471 155 172
1bxn 488 365 173
1bxn 406 40 174
1bxn 65 496 175
1bxn 156 170 176
1bxn 104 34 177
1bxn 137 144 177
1bxn 253 330 175
1bxn 20 415 176
1bxn 16 169 179
1bxn 39 120 178
1bxn 312 474 180
1bxn 274 163 181
1bxn 38 220 179
1bxn 116 261 179
1bxn 480 57 183
1bxn 285 425 180
1bxn 149 497 181
1bxn 491 236 182
1bxn 291 109 183
1bxn 219 402 184
1bxn 195 281 185
1bxn 144 417 186
1bxn 442 220 185
1bxn 405 87 188
