3cf3 120 95 0
3cf3 271 248 3
3cf3 222 382 6
3cf3 186 297 7
3cf3 139 403 7
3cf3 167 33 8
3cf3 296 397 10
3cf3 306 456 11
3cf3 367 209 13
3cf3 273 394 13
3cf3 88 158 14
3cf3 198 159 15
3cf3 20 188 15
3cf3 124 275 15
3cf3 220 356 16
3cf3 292 396 15
3cf3 299 64 16
3cf3 353 417 17
3cf3 349 216 17
3cf3 470 279 17
3cf3 441 233 18
3cf3 88 159 19
3cf3 273 426 19
3cf3 380 53 21
3cf3 220 308 21
3cf3 369 165 21
3cf3 287 345 21
3cf3 112 403 21
3cf3 372 352 23
3cf3 185 354 23
3cf3 394 136 25
3cf3 287 345 24
3cf3 126 373 28
3cf3 454 163 30
3cf3 341 350 30
3cf3 289 435 29
3cf3 245 229 32
3cf3 89 447 31
3cf3 267 219 34
3cf3 314 413 37
3cf3 452 254 39
3cf3 427 325 39
3cf3 348 244 39
3cf3 168 116 40
3cf3 269 120 41
3cf3 342 346 41
3cf3 314 135 42
3cf3 341 186 43
3cf3 362 264 43
3cf3 144 36 45
3cf3 288 169 44
3cf3 222 383 48
3cf3 114 411 50
3cf3 144 118 51
3cf3 144 353 52
3cf3 323 56 52
3cf3 219 386 53
3cf3 199 45 59
3cf3 221 176 59
3cf3 443 370 59
3cf3 386 221 61
3cf3 395 155 62
3cf3 187 429 63
3cf3 152 149 62
3cf3 236 472 63
3cf3 254 341 64
3cf3 282 163 66
3cf3 340 224 67
3cf3 226 260 68
3cf3 301 395 67
3cf3 468 325 68
3cf3 255 465 69
3cf3 231 178 71
3cf3 182 488 71
3cf3 388 341 72
3cf3 50 262 72
3cf3 234 399 72
3cf3 58 139 75
3cf3 217 157 76
3cf3 384 38 73
3cf3 460 468 75
3cf3 130 172 75
3cf3 451 32 80
3cf3 356 55 77
3cf3 105 121 77
3cf3 370 131 79
3cf3 293 173 80
3cf3 432 247 81
3cf3 252 429 82
3cf3 155 28 81
3cf3 380 203 83
3cf3 341 398 84
3cf3 299 55 84
3cf3 369 175 85
3cf3 403 382 88
3cf3 170 345 88
3cf3 228 457 92
3cf3 300 155 92
3cf3 195 366 93
3cf3 473 38 94
3cf3 226 428 97
3cf3 339 97 98
3cf3 395 326 99
3cf3 467 402 97
3cf3 344 146 100
3cf3 459 242 99
3cf3 314 308 98
3cf3 451 168 103
3cf3 489 230 102
3cf3 300 88 103
3cf3 426 168 107
3cf3 468 48 109
3cf3 397 327 110
3cf3 354 320 112
3cf3 488 86 114
3cf3 476 167 113
3cf3 270 310 115
3cf3 73 456 114
3cf3 276 79 116
3cf3 83 148 120
3cf3 146 143 118
3cf3 308 148 120
3cf3 321 233 121
3cf3 440 53 122
3cf3 346 229 123
3cf3 366 233 125
3cf3 232 481 124
3cf3 72 490 126
3cf3 117 483 126
3cf3 318 39 127
3cf3 358 126 128
3cf3 474 202 126
3cf3 168 316 130
3cf3 271 229 128
3cf3 362 351 129
3cf3 482 355 128
3cf3 37 149 133
3cf3 74 275 131
3cf3 199 364 131
3cf3 28 423 134
3cf3 282 168 136
3cf3 196 45 136
3cf3 164 356 138
3cf3 308 44 138
3cf3 445 345 139
3cf3 273 427 140
3cf3 421 112 141
3cf3 292 445 142
3cf3 278 38 143
3cf3 61 389 147
3cf3 472 456 147
3cf3 265 351 148
3cf3 330 417 148
3cf3 330 175 149
3cf3 116 153 152
3cf3 74 187 156
3cf3 451 69 157
3cf3 457 413 155
3cf3 320 56 156
3cf3 381 220 155
3cf3 369 95 158
3cf3 115 493 158
3cf3 371 47 157
3cf3 335 361 158
3cf3 343 473 160
3cf3 339 294 162
3cf3 296 452 165
3cf3 100 176 164
3cf3 109 413 162
3cf3 424 12 163
3cf3 59 236 165
3cf3 185 221 165
3cf3 190 290 167
3cf3 96 356 166
3cf3 128 468 165
3cf3 440 30 168
3cf3 473 153 168
3cf3 335 158 171
3cf3 187 37 171
3cf3 341 352 173
3cf3 120 224 173
3cf3 137 142 174
3cf3 349 425 174
3cf3 183 62 177
3cf3 340 82 177
3cf3 97 89 177
3cf3 214 161 177
3cf3 362 314 177
3cf3 216 469 179
3cf3 161 86 181
3cf3 428 24 180
3cf3 354 417 180
3cf3 379 276 182
3cf3 20 309 181
3cf3 456 39 182
3cf3 263 123 185
3cf3 264 358 185
3cf3 121 378 184
3cf3 199 137 186
3cf3 357 171 188
3cf3 173 324 188
3cf3 59 72 190
3cf3 305 145 191
3cf3 456 408 193
3cf3 122 194 195
3cf3 308 146 196
3cf3 365 56 197
1s3x 125 153 4
1s3x 58 170 6
1s3x 82 125 8
1s3x 332 144 8
1s3x 482 216 9
1s3x 184 330 8
1s3x 396 360 10
1s3x 413 55 11
1s3x 460 75 12
1s3x 265 458 13
1s3x 472 141 15
1s3x 284 16 17
1s3x 458 106 18
1s3x 387 314 17
1s3x 453 155 20
1s3x 136 183 20
1s3x 158 248 21
1s3x 314 154 21
1s3x 420 167 21
1s3x 421 88 23
1s3x 187 410 22
1s3x 27 461 24
1s3x 70 476 24
1s3x 110 139 26
1s3x 419 373 26
1s3x 98 120 26
1s3x 185 266 28
1s3x 53 73 28
1s3x 67 230 26
1s3x 163 454 29
1s3x 486 63 33
1s3x 64 304 32
1s3x 139 263 34
1s3x 342 295 36
1s3x 70 426 37
1s3x 91 266 38
1s3x 490 483 40
1s3x 494 231 41
1s3x 469 241 44
1s3x 36 451 44
1s3x 426 459 46
1s3x 405 144 48
1s3x 150 442 48
1s3x 506 324 49
1s3x 342 15 52
1s3x 413 25 52
1s3x 250 75 52
1s3x 268 454 56
1s3x 494 264 58
1s3x 333 248 57
1s3x 138 121 58
1s3x 110 458 58
1s3x 11 506 59
1s3x 490 145 61
1s3x 250 152 62
1s3x 278 314 63
1s3x 87 490 63
1s3x 87 51 64
1s3x 42 272 64
1s3x 227 494 66
1s3x 294 276 66
1s3x 171 330 68
1s3x 460 74 67
1s3x 470 399 68
1s3x 43 158 69
1s3x 470 233 71
1s3x 420 209 72
1s3x 404 330 72
1s3x 93 250 73
1s3x 158 104 75
1s3x 346 493 75
1s3x 462 297 75
1s3x 232 40 78
1s3x 491 362 80
1s3x 27 486 81
1s3x 510 438 82
1s3x 474 26 84
1s3x 102 38 86
1s3x 345 491 87
1s3x 170 122 89
1s3x 22 322 90
1s3x 53 104 89
1s3x 187 306 89
1s3x 299 199 93
1s3x 54 276 94
1s3x 410 305 92
1s3x 346 106 94
1s3x 412 480 94
1s3x 476 434 97
1s3x 153 264 100
1s3x 250 74 101
1s3x 314 182 105
1s3x 470 308 105
1s3x 478 472 106
1s3x 284 497 107
1s3x 486 16 109
1s3x 469 318 110
1s3x 345 406 110
1s3x 372 454 110
1s3x 490 106 112
1s3x 91 49 113
1s3x 460 174 114
1s3x 93 362 117
1s3x 73 379 117
1s3x 146 90 120
1s3x 251 369 121
1s3x 427 450 120
1s3x 202 171 121
1s3x 493 458 121
1s3x 380 340 122
1s3x 78 342 123
1s3x 508 106 125
1s3x 397 393 126
1s3x 53 56 127
1s3x 233 364 126
1s3x 125 298 129
1s3x 58 417 128
1s3x 406 128 131
1s3x 493 73 136
1s3x 134 494 136
1s3x 476 443 136
1s3x 66 465 140
1s3x 378 281 139
1s3x 74 115 140
1s3x 114 158 141
1s3x 476 354 141
1s3x 346 387 142
1s3x 139 152 145
1s3x 150 476 146
1s3x 458 233 149
1s3x 142 383 148
1s3x 20 401 149
1s3x 40 443 148
1s3x 488 422 150
1s3x 364 474 150
1s3x 13 456 152
1s3x 474 103 151
1s3x 167 70 152
1s3x 488 216 154
1s3x 38 58 157
1s3x 251 54 157
1s3x 72 282 157
1s3x 488 147 158
1s3x 200 20 161
1s3x 409 148 160
1s3x 456 341 160
1s3x 484 26 163
1s3x 94 97 165
1s3x 454 298 164
1s3x 194 75 168
1s3x 210 106 169
1s3x 54 216 172
1s3x 253 72 174
1s3x 42 277 176
1s3x 195 392 177
1s3x 69 473 178
1s3x 470 16 178
1s3x 249 60 180
1s3x 133 57 180
1s3x 117 264 181
1s3x 470 24 182
1s3x 437 306 184
1s3x 32 98 184
1s3x 170 490 183
1s3x 460 251 186
1s3x 350 77 189
1s3x 444 490 194
1s3x 250 264 196
1s3x 459 97 198
1s3x 424 185 197
1u6g 343 59 2
1u6g 62 410 2
1u6g 412 172 2
1u6g 257 297 5
1u6g 183 345 3
1u6g 185 330 8
1u6g 76 379 7
1u6g 200 477 6
1u6g 139 403 8
1u6g 311 19 11
1u6g 158 384 8
1u6g 284 364 10
1u6g 213 470 12
1u6g 260 458 16
1u6g 269 153 18
1u6g 389 315 16
1u6g 379 379 14
1u6g 360 171 17
1u6g 331 157 17
1u6g 260 123 20
1u6g 158 251 20
1u6g 144 333 19
1u6g 297 171 22
1u6g 182 409 21
1u6g 212 330 22
1u6g 445 141 23
1u6g 104 379 23
1u6g 374 349 24
1u6g 380 53 24
1u6g 158 395 25
1u6g 312 300 28
1u6g 184 265 28
1u6g 277 315 26
1u6g 443 491 28
1u6g 163 455 30
1u6g 373 200 30
1u6g 382 236 31
1u6g 236 285 30
1u6g 186 124 31
1u6g 59 377 34
1u6g 313 222 34
1u6g 236 369 36
1u6g 314 411 37
1u6g 187 85 37
1u6g 218 346 39
1u6g 173 457 41
1u6g 59 299 43
1u6g 402 348 41
1u6g 220 460 42
1u6g 414 345 44
1u6g 359 283 47
1u6g 300 250 49
1u6g 144 355 50
1u6g 41 508 49
1u6g 190 347 51
1u6g 188 299 52
1u6g 65 377 53
1u6g 64 421 53
1u6g 150 428 53
1u6g 422 425 55
1u6g 267 454 55
1u6g 252 152 58
1u6g 378 348 54
1u6g 419 299 62
1u6g 390 475 59
1u6g 280 315 63
1u6g 87 364 63
1u6g 359 137 64
1u6g 402 361 67
1u6g 380 395 69
1u6g 166 460 68
1u6g 401 328 70
1u6g 373 413 68
1u6g 203 248 70
1u6g 211 299 70
1u6g 386 339 71
1u6g 217 164 72
1u6g 311 196 75
1u6g 175 363 75
1u6g 286 338 76
1u6g 234 109 79
1u6g 293 172 80
1u6g 264 166 83
1u6g 228 140 83
1u6g 27 284 83
1u6g 189 36 88
1u6g 265 364 88
1u6g 376 327 89
1u6g 309 371 87
1u6g 396 473 89
1u6g 94 314 95
1u6g 149 316 97
1u6g 413 408 95
1u6g 243 320 97
1u6g 182 129 100
1u6g 279 459 97
1u6g 191 315 99
1u6g 253 294 100
1u6g 182 494 101
1u6g 195 284 104
1u6g 360 395 106
1u6g 165 444 107
1u6g 405 444 107
1u6g 396 326 109
1u6g 246 348 109
1u6g 372 455 108
1u6g 345 409 111
1u6g 381 197 114
1u6g 460 260 114
1u6g 319 461 113
1u6g 267 311 117
1u6g 469 315 117
1u6g 410 349 119
1u6g 178 364 120
1u6g 301 456 119
1u6g 170 179 121
1u6g 54 425 122
1u6g 186 337 123
1u6g 213 475 129
1u6g 206 304 125
1u6g 133 363 125
1u6g 396 396 128
1u6g 26 393 133
1u6g 208 235 130
1u6g 199 364 131
1u6g 309 124 132
1u6g 207 140 132
1u6g 407 315 137
1u6g 412 366 137
1u6g 188 387 136
1u6g 220 313 144
1u6g 199 329 141
1u6g 194 393 140
1u6g 186 251 141
1u6g 347 388 143
1u6g 247 316 144
1u6g 365 475 146
1u6g 423 122 146
1u6g 422 221 147
1u6g 140 384 149
1u6g 190 411 148
1u6g 217 414 151
1u6g 367 92 152
1u6g 182 88 153
1u6g 239 298 153
1u6g 38 58 155
1u6g 436 40 156
1u6g 251 217 155
1u6g 84 331 155
1u6g 251 55 157
1u6g 382 38 160
1u6g 201 20 159
1u6g 166 203 162
1u6g 412 55 162
1u6g 140 361 160
1u6g 405 248 165
1u6g 436 264 164
1u6g 243 278 163
1u6g 100 176 164
1u6g 438 155 167
1u6g 172 330 169
1u6g 264 444 168
1u6g 214 498 169
1u6g 325 140 168
1u6g 404 306 169
1u6g 198 360 169
1u6g 136 382 170
1u6g 332 156 171
1u6g 376 370 172
1u6g 165 411 171
1u6g 155 275 173
1u6g 149 94 173
1u6g 443 124 172
1u6g 277 348 174
1u6g 198 396 174
1u6g 104 297 174
1u6g 214 300 174
1u6g 316 426 176
1u6g 106 200 176
1u6g 414 158 179
1u6g 69 474 183
1u6g 298 378 179
1u6g 221 87 180
1u6g 299 168 184
1u6g 286 426 181
1u6g 78 36 183
1u6g 341 250 182
1u6g 308 315 186
1u6g 365 438 184
1u6g 220 402 185
1u6g 246 427 186
1u6g 193 48 187
1u6g 243 310 187
1u6g 368 243 189
1u6g 169 139 192
1u6g 389 347 192
1u6g 279 427 192
1u6g 190 357 193
1u6g 357 363 194
1u6g 394 38 195
1u6g 396 315 196
1u6g 333 371 196
1u6g 278 251 198
1u6g 343 298 197
4cr2 75 90 2
4cr2 421 279 1
4cr2 37 388 2
4cr2 66 411 2
4cr2 416 173 5
4cr2 382 280 3
4cr2 308 357 2
4cr2 262 418 3
4cr2 461 199 5
4cr2 373 169 5
4cr2 272 201 5
4cr2 228 259 6
4cr2 308 309 6
4cr2 307 456 6
4cr2 214 98 6
4cr2 352 25 7
4cr2 149 142 10
4cr2 291 174 11
4cr2 480 322 8
4cr2 41 141 10
4cr2 116 414 9
4cr2 373 136 11
4cr2 125 274 11
4cr2 333 160 14
4cr2 81 398 12
4cr2 257 451 14
4cr2 311 459 12
4cr2 428 257 13
4cr2 85 270 15
4cr2 169 77 15
4cr2 325 227 15
4cr2 352 421 16
4cr2 472 454 16
4cr2 469 280 21
4cr2 332 302 18
4cr2 198 223 18
4cr2 162 256 20
4cr2 181 409 20
4cr2 444 405 19
4cr2 470 90 22
4cr2 84 159 21
4cr2 367 168 21
4cr2 427 191 22
4cr2 442 337 25
4cr2 309 118 25
4cr2 308 190 25
4cr2 255 303 24
4cr2 354 341 26
4cr2 410 57 25
4cr2 73 224 26
4cr2 208 231 28
4cr2 326 255 30
4cr2 374 283 29
4cr2 80 113 28
4cr2 480 197 29
4cr2 397 470 30
4cr2 314 222 31
4cr2 289 440 29
4cr2 437 33 32
4cr2 360 106 32
4cr2 453 162 32
4cr2 452 205 30
4cr2 214 47 31
4cr2 229 174 34
4cr2 241 232 34
4cr2 464 371 31
4cr2 36 438 32
4cr2 430 323 34
4cr2 44 477 35
4cr2 105 282 34
4cr2 180 217 41
4cr2 452 454 39
4cr2 395 57 36
4cr2 137 165 37
4cr2 387 210 41
4cr2 58 368 36
4cr2 167 268 37
4cr2 314 418 42
4cr2 76 48 38
4cr2 312 238 40
4cr2 270 327 41
4cr2 391 256 40
4cr2 337 347 42
4cr2 458 368 41
4cr2 244 400 42
4cr2 327 451 40
4cr2 58 337 41
4cr2 84 124 42
4cr2 403 431 46
4cr2 354 38 46
4cr2 362 262 46
4cr2 291 50 47
4cr2 248 171 47
4cr2 285 350 48
4cr2 105 393 47
4cr2 420 476 50
4cr2 153 234 54
4cr2 244 277 51
4cr2 158 167 49
4cr2 328 273 51
4cr2 444 337 53
4cr2 67 375 51
4cr2 470 234 52
4cr2 222 385 52
4cr2 214 154 54
4cr2 181 349 52
4cr2 68 209 52
4cr2 264 207 56
4cr2 65 414 57
4cr2 151 147 59
4cr2 97 265 56
4cr2 310 397 60
4cr2 55 61 61
4cr2 197 197 62
4cr2 198 43 60
4cr2 234 432 61
4cr2 138 96 64
4cr2 75 140 61
4cr2 468 183 62
4cr2 316 249 63
4cr2 387 255 62
4cr2 463 321 63
4cr2 233 356 65
4cr2 349 353 64
4cr2 305 439 67
4cr2 463 68 64
4cr2 234 118 65
4cr2 138 432 66
4cr2 427 54 72
4cr2 111 253 71
4cr2 156 203 68
4cr2 227 201 69
4cr2 282 258 68
4cr2 301 279 68
4cr2 471 352 67
4cr2 110 379 71
4cr2 343 459 69
4cr2 346 107 71
4cr2 464 186 70
4cr2 69 343 69
4cr2 171 437 70
4cr2 57 175 70
4cr2 194 324 73
4cr2 415 442 76
4cr2 109 123 75
4cr2 217 159 73
4cr2 118 231 76
4cr2 187 479 73
4cr2 311 32 76
4cr2 367 431 76
4cr2 383 37 77
4cr2 291 117 77
4cr2 336 232 74
4cr2 150 132 78
4cr2 54 171 77
4cr2 129 174 77
4cr2 267 375 76
4cr2 173 171 80
4cr2 232 295 77
4cr2 357 247 83
4cr2 367 130 79
4cr2 138 358 81
4cr2 286 178 84
4cr2 160 230 81
4cr2 61 141 82
4cr2 259 436 84
4cr2 50 440 84
4cr2 46 304 83
4cr2 323 381 82
4cr2 146 84 88
4cr2 429 278 85
4cr2 439 392 84
4cr2 364 134 86
4cr2 482 281 88
4cr2 81 82 88
4cr2 341 97 93
4cr2 357 278 88
4cr2 119 283 86
4cr2 230 71 91
4cr2 435 240 87
4cr2 306 375 92
4cr2 77 334 88
4cr2 486 191 90
4cr2 409 227 90
4cr2 305 332 92
4cr2 171 344 90
4cr2 72 361 95
4cr2 402 44 95
4cr2 40 236 92
4cr2 186 314 95
4cr2 76 220 95
4cr2 479 342 96
4cr2 426 150 96
4cr2 61 274 97
4cr2 155 157 97
4cr2 343 259 99
4cr2 302 280 97
4cr2 126 387 103
4cr2 470 400 97
4cr2 428 57 100
4cr2 441 179 98
4cr2 121 311 100
4cr2 301 87 99
4cr2 307 220 101
4cr2 52 223 101
4cr2 110 265 103
4cr2 319 179 105
4cr2 33 196 104
4cr2 166 224 109
4cr2 457 394 104
4cr2 410 410 103
4cr2 263 475 105
4cr2 243 255 106
4cr2 316 424 105
4cr2 275 115 107
4cr2 40 109 107
4cr2 397 264 106
4cr2 87 264 108
4cr2 356 183 111
4cr2 187 385 109
4cr2 151 411 111
4cr2 405 446 108
4cr2 464 470 109
4cr2 422 176 109
4cr2 263 311 110
4cr2 360 362 109
4cr2 349 434 108
4cr2 209 442 113
4cr2 214 264 117
4cr2 200 57 111
4cr2 142 279 112
4cr2 301 119 115
4cr2 91 159 117
4cr2 99 359 113
4cr2 356 48 114
4cr2 233 236 114
4cr2 435 392 113
4cr2 82 383 117
4cr2 465 343 116
4cr2 417 73 121
4cr2 356 126 117
4cr2 433 262 118
4cr2 96 302 119
4cr2 212 152 117
4cr2 48 231 121
4cr2 101 232 120
4cr2 354 101 128
4cr2 437 358 124
4cr2 135 454 120
4cr2 185 461 121
4cr2 277 468 124
4cr2 292 34 124
4cr2 395 276 123
4cr2 162 75 124
4cr2 452 87 126
4cr2 407 222 127
4cr2 363 234 126
4cr2 122 288 123
4cr2 64 81 124
4cr2 120 188 125
4cr2 376 78 126
4cr2 415 132 128
4cr2 305 93 131
4cr2 444 222 135
4cr2 93 299 129
4cr2 198 364 130
4cr2 324 397 130
4cr2 51 49 129
4cr2 38 146 131
4cr2 104 422 130
4cr2 470 76 136
4cr2 418 398 134
4cr2 437 192 133
4cr2 130 219 133
4cr2 432 266 132
4cr2 469 120 133
4cr2 137 441 134
4cr2 171 106 135
4cr2 91 347 139
4cr2 36 423 142
4cr2 460 266 143
4cr2 164 379 143
4cr2 103 386 140
4cr2 420 48 140
4cr2 196 294 140
4cr2 303 300 139
4cr2 402 316 142
4cr2 384 60 145
4cr2 342 216 145
4cr2 469 456 146
4cr2 464 181 143
4cr2 243 311 148
4cr2 482 408 143
4cr2 425 115 149
4cr2 67 387 146
4cr2 344 391 145
4cr2 123 309 148
4cr2 239 83 147
4cr2 431 465 149
4cr2 247 36 149
4cr2 176 168 147
4cr2 398 293 150
4cr2 334 417 150
4cr2 311 164 149
4cr2 35 87 151
4cr2 216 417 151
4cr2 301 137 153
4cr2 343 73 153
4cr2 74 192 155
4cr2 117 435 156
4cr2 151 133 157
4cr2 176 247 157
4cr2 298 289 158
4cr2 102 123 157
4cr2 315 216 155
4cr2 462 248 158
4cr2 81 329 156
4cr2 267 362 155
4cr2 209 163 158
4cr2 310 314 160
4cr2 479 320 159
4cr2 448 302 158
4cr2 129 413 159
4cr2 296 448 160
4cr2 343 472 158
4cr2 481 474 158
4cr2 168 202 163
4cr2 361 202 164
4cr2 281 104 164
4cr2 128 281 162
4cr2 106 357 164
4cr2 291 227 167
4cr2 451 301 165
4cr2 59 117 165
4cr2 406 306 168
4cr2 474 346 165
4cr2 202 360 166
4cr2 63 396 164
4cr2 81 213 164
4cr2 61 237 165
4cr2 267 249 166
4cr2 377 424 168
4cr2 268 448 170
4cr2 133 260 167
4cr2 198 292 169
4cr2 268 392 169
4cr2 160 413 168
4cr2 343 53 169
4cr2 390 223 171
4cr2 426 448 168
4cr2 156 476 169
4cr2 288 401 169
4cr2 160 281 170
4cr2 156 377 172
4cr2 321 426 175
4cr2 406 43 173
4cr2 195 393 172
4cr2 144 89 175
4cr2 429 189 173
4cr2 329 197 176
4cr2 472 346 174
4cr2 59 472 177
4cr2 380 89 178
4cr2 49 99 177
4cr2 239 215 177
4cr2 66 259 179
4cr2 339 347 180
4cr2 349 422 179
4cr2 452 333 183
4cr2 415 218 182
4cr2 385 270 180
4cr2 444 406 181
4cr2 221 397 180
4cr2 35 130 182
4cr2 162 209 184
4cr2 44 183 183
4cr2 309 362 185
4cr2 58 375 185
4cr2 291 105 186
4cr2 411 158 186
4cr2 312 251 186
4cr2 131 355 185
4cr2 161 90 187
4cr2 99 402 186
4cr2 239 350 189
4cr2 309 446 188
4cr2 212 58 189
4cr2 316 189 190
4cr2 444 189 190
4cr2 194 276 189
4cr2 79 94 190
4cr2 245 427 189
4cr2 484 355 190
4cr2 130 377 193
4cr2 221 455 191
4cr2 357 369 191
4cr2 476 244 192
4cr2 402 40 194
4cr2 456 154 194
4cr2 433 370 195
4cr2 370 259 194
4cr2 130 295 194
4cr2 57 180 196
4cr2 289 189 198
4cr2 320 238 198
4cr2 166 431 196
4cr2 62 276 198
1qvr 270 29 0
1qvr 192 126 1
1qvr 300 153 2
1qvr 134 181 1
1qvr 41 220 2
1qvr 317 247 1
1qvr 378 290 3
1qvr 137 321 3
1qvr 65 411 2
1qvr 188 396 3
1qvr 28 78 4
1qvr 189 44 5
1qvr 320 200 6
1qvr 254 297 7
1qvr 118 300 7
1qvr 186 327 6
1qvr 201 479 6
1qvr 214 103 8
1qvr 485 120 7
1qvr 441 125 7
1qvr 480 216 9
1qvr 290 426 7
1qvr 454 160 9
1qvr 391 422 8
1qvr 76 250 10
1qvr 133 23 10
1qvr 27 361 10
1qvr 231 228 11
1qvr 88 270 12
1qvr 84 428 13
1qvr 386 29 13
1qvr 274 155 15
1qvr 330 161 15
1qvr 477 29 14
1qvr 138 77 14
1qvr 469 279 16
1qvr 84 157 19
1qvr 222 356 16
1qvr 319 40 17
1qvr 295 246 17
1qvr 59 354 16
1qvr 332 305 20
1qvr 322 465 17
1qvr 121 280 18
1qvr 182 408 20
1qvr 364 169 19
1qvr 380 53 21
1qvr 171 76 20
1qvr 139 142 23
1qvr 121 413 20
1qvr 288 44 23
1qvr 77 218 21
1qvr 239 325 20
1qvr 62 445 22
1qvr 310 196 23
1qvr 39 206 22
1qvr 236 285 28
1qvr 81 266 24
1qvr 437 349 23
1qvr 404 361 23
1qvr 241 433 24
1qvr 41 477 25
1qvr 255 301 26
1qvr 204 228 25
1qvr 319 29 27
1qvr 78 112 28
1qvr 360 255 27
1qvr 307 117 29
1qvr 324 166 30
1qvr 299 169 29
1qvr 428 184 27
1qvr 38 206 28
1qvr 69 230 29
1qvr 398 465 29
1qvr 480 199 30
1qvr 375 200 31
1qvr 151 76 30
1qvr 26 69 33
1qvr 228 171 33
1qvr 490 255 31
1qvr 116 375 32
1qvr 437 32 35
1qvr 228 47 34
1qvr 122 255 32
1qvr 279 311 33
1qvr 461 467 34
1qvr 248 46 33
1qvr 405 183 35
1qvr 106 282 37
1qvr 389 214 35
1qvr 459 314 35
1qvr 427 323 36
1qvr 185 86 38
1qvr 182 218 37
1qvr 342 350 37
1qvr 284 436 37
1qvr 216 435 39
1qvr 314 413 38
1qvr 470 409 39
1qvr 311 238 39
1qvr 454 364 38
1qvr 134 396 42
1qvr 250 165 40
1qvr 46 233 38
1qvr 249 341 41
1qvr 369 257 42
1qvr 152 77 41
1qvr 121 200 42
1qvr 144 238 42
1qvr 400 350 40
1qvr 359 56 42
1qvr 486 263 43
1qvr 287 53 44
1qvr 277 135 46
1qvr 117 305 44
1qvr 54 407 44
1qvr 236 451 45
1qvr 379 71 47
1qvr 92 214 45
1qvr 26 279 45
1qvr 326 28 46
1qvr 472 120 46
1qvr 169 269 46
1qvr 41 349 47
1qvr 411 73 48
1qvr 389 211 48
1qvr 87 235 48
1qvr 325 273 47
1qvr 213 289 49
1qvr 268 30 50
1qvr 152 234 49
1qvr 169 86 50
1qvr 39 169 50
1qvr 266 205 51
1qvr 469 234 50
1qvr 134 325 51
1qvr 290 43 51
1qvr 69 210 52
1qvr 444 43 53
1qvr 31 325 53
1qvr 380 350 53
1qvr 143 352 53
1qvr 149 429 53
1qvr 326 271 55
1qvr 267 454 55
1qvr 136 236 54
1qvr 96 268 57
1qvr 302 283 56
1qvr 355 36 57
1qvr 28 83 56
1qvr 108 321 55
1qvr 151 149 58
1qvr 216 150 58
1qvr 452 176 57
1qvr 123 217 59
1qvr 473 229 56
1qvr 177 236 57
1qvr 393 429 57
1qvr 171 74 61
1qvr 74 140 60
1qvr 453 254 58
1qvr 204 479 58
1qvr 460 40 61
1qvr 357 65 60
1qvr 468 184 65
1qvr 165 272 63
1qvr 418 300 64
1qvr 198 44 62
1qvr 409 36 64
1qvr 198 197 63
1qvr 267 424 64
1qvr 30 254 65
1qvr 263 313 63
1qvr 147 434 63
1qvr 301 280 69
1qvr 54 59 66
1qvr 167 461 67
1qvr 60 116 67
1qvr 71 343 68
1qvr 374 96 67
1qvr 203 248 69
1qvr 280 260 67
1qvr 463 205 69
1qvr 317 246 68
1qvr 103 75 73
1qvr 340 165 71
1qvr 197 326 70
1qvr 172 60 71
1qvr 115 38 70
1qvr 51 262 74
1qvr 26 379 72
1qvr 70 479 74
1qvr 307 33 73
1qvr 283 257 73
1qvr 274 422 72
1qvr 175 438 74
1qvr 285 107 74
1qvr 131 174 74
1qvr 461 469 74
1qvr 58 35 75
1qvr 218 157 75
1qvr 178 363 77
1qvr 435 246 80
1qvr 453 32 77
1qvr 154 26 78
1qvr 118 232 77
1qvr 229 326 76
1qvr 329 374 78
1qvr 256 55 78
1qvr 58 138 77
1qvr 357 251 78
1qvr 478 256 78
1qvr 466 208 80
1qvr 308 238 83
1qvr 362 43 82
1qvr 259 239 82
1qvr 411 363 81
1qvr 468 476 82
1qvr 154 453 84
1qvr 229 139 85
1qvr 173 172 83
1qvr 468 375 83
1qvr 396 472 83
1qvr 188 56 85
1qvr 460 92 85
1qvr 86 343 85
1qvr 276 32 87
1qvr 203 284 89
1qvr 73 415 85
1qvr 82 85 89
1qvr 472 41 87
1qvr 486 193 89
1qvr 479 237 89
1qvr 453 417 88
1qvr 188 234 88
1qvr 264 363 90
1qvr 101 191 90
1qvr 309 330 89
1qvr 88 422 90
1qvr 62 119 92
1qvr 201 409 93
1qvr 384 69 92
1qvr 35 473 94
1qvr 302 155 94
1qvr 465 255 94
1qvr 431 363 95
1qvr 56 404 97
1qvr 404 47 96
1qvr 312 204 94
1qvr 55 201 95
1qvr 324 408 98
1qvr 122 485 95
1qvr 59 90 97
1qvr 413 300 97
1qvr 395 326 99
1qvr 479 225 100
1qvr 270 264 98
1qvr 188 319 99
1qvr 72 360 101
1qvr 258 34 101
1qvr 460 245 100
1qvr 118 256 99
1qvr 38 247 104
1qvr 343 264 104
1qvr 338 41 102
1qvr 61 70 102
1qvr 424 215 103
1qvr 465 399 102
1qvr 268 471 102
1qvr 325 117 104
1qvr 105 272 104
1qvr 251 378 103
1qvr 282 48 105
1qvr 33 140 105
1qvr 249 327 105
1qvr 278 328 104
1qvr 52 220 107
1qvr 172 197 107
1qvr 98 201 106
1qvr 396 265 106
1qvr 89 263 109
1qvr 262 309 108
1qvr 374 458 107
1qvr 389 240 110
1qvr 406 303 108
1qvr 462 261 112
1qvr 356 436 108
1qvr 278 153 110
1qvr 401 325 110
1qvr 63 431 111
1qvr 477 168 114
1qvr 261 214 111
1qvr 411 418 111
1qvr 101 164 112
1qvr 82 323 114
1qvr 475 439 112
1qvr 407 442 114
1qvr 260 484 113
1qvr 214 264 118
1qvr 100 359 113
1qvr 152 199 116
1qvr 70 283 116
1qvr 442 56 115
1qvr 272 310 117
1qvr 155 380 116
1qvr 133 406 116
1qvr 139 31 118
1qvr 36 140 116
1qvr 274 270 117
1qvr 377 382 118
1qvr 229 422 118
1qvr 217 184 119
1qvr 253 357 118
1qvr 357 466 118
1qvr 78 23 122
1qvr 51 233 122
1qvr 435 262 121
1qvr 280 467 120
1qvr 294 39 122
1qvr 171 180 121
1qvr 166 255 122
1qvr 469 342 122
1qvr 71 44 123
1qvr 318 38 126
1qvr 107 397 123
1qvr 296 120 123
1qvr 395 276 125
1qvr 395 461 125
1qvr 279 469 124
1qvr 436 395 125
1qvr 266 439 125
1qvr 40 461 129
1qvr 487 27 128
1qvr 408 224 127
1qvr 28 391 130
1qvr 248 39 128
1qvr 240 71 130
1qvr 444 84 131
1qvr 331 438 128
1qvr 318 155 130
1qvr 123 189 132
1qvr 470 76 137
1qvr 432 267 131
1qvr 145 285 131
1qvr 76 276 133
1qvr 483 375 133
1qvr 154 381 133
1qvr 124 223 134
1qvr 415 451 134
1qvr 67 122 136
1qvr 436 193 134
1qvr 236 265 136
1qvr 142 61 138
1qvr 408 317 137
1qvr 413 367 137
1qvr 307 438 136
1qvr 460 201 136
1qvr 88 42 137
1qvr 103 59 140
1qvr 174 167 138
1qvr 486 208 138
1qvr 439 218 139
1qvr 324 438 140
1qvr 185 253 141
1qvr 38 267 140
1qvr 42 317 141
1qvr 68 463 141
1qvr 410 153 144
1qvr 37 424 143
1qvr 277 38 142
1qvr 50 65 144
1qvr 42 231 146
1qvr 219 312 146
1qvr 391 416 145
1qvr 299 241 145
1qvr 140 263 144
1qvr 107 125 146
1qvr 25 184 145
1qvr 342 216 145
1qvr 266 232 146
1qvr 372 477 147
1qvr 469 375 148
1qvr 462 24 148
1qvr 103 25 151
1qvr 247 34 150
1qvr 77 286 149
1qvr 412 58 150
1qvr 298 105 150
1qvr 259 260 150
1qvr 389 396 150
1qvr 392 26 150
1qvr 470 101 150
1qvr 436 38 154
1qvr 116 153 151
1qvr 448 69 156
1qvr 478 123 152
1qvr 73 191 153
1qvr 240 295 154
1qvr 457 412 153
1qvr 308 439 153
1qvr 204 218 154
1qvr 148 106 155
1qvr 89 251 155
1qvr 397 288 155
1qvr 80 330 154
1qvr 298 259 156
1qvr 470 348 155
1qvr 279 275 160
1qvr 443 302 157
1qvr 218 414 159
1qvr 425 459 157
1qvr 162 477 157
1qvr 479 320 160
1qvr 314 71 160
1qvr 106 108 161
1qvr 444 206 159
1qvr 165 206 161
1qvr 313 322 159
1qvr 137 357 161
1qvr 135 323 162
1qvr 388 399 161
1qvr 264 246 165
1qvr 472 350 162
1qvr 242 419 162
1qvr 155 424 161
1qvr 295 450 161
1qvr 447 68 164
1qvr 258 183 165
1qvr 358 207 163
1qvr 443 205 165
1qvr 313 312 163
1qvr 142 42 164
1qvr 473 62 165
1qvr 170 79 166
1qvr 82 211 165
1qvr 108 357 165
1qvr 294 223 169
1qvr 440 405 168
1qvr 295 449 166
1qvr 26 138 168
1qvr 128 257 167
1qvr 85 62 169
1qvr 488 440 170
1qvr 307 182 172
1qvr 41 348 172
1qvr 419 392 169
1qvr 339 479 171
1qvr 137 59 171
1qvr 442 127 171
1qvr 411 349 171
1qvr 456 40 172
1qvr 277 95 173
1qvr 386 95 173
1qvr 409 269 173
1qvr 339 350 176
1qvr 249 71 174
1qvr 463 217 174
1qvr 167 439 175
1qvr 164 241 176
1qvr 184 61 176
1qvr 126 93 177
1qvr 406 416 176
1qvr 220 89 179
1qvr 67 260 178
1qvr 377 274 178
1qvr 45 277 180
1qvr 471 396 179
1qvr 56 302 179
1qvr 428 24 180
1qvr 34 136 182
1qvr 46 56 181
1qvr 160 85 183
1qvr 454 279 181
1qvr 217 400 181
1qvr 118 262 183
1qvr 117 300 183
1qvr 374 395 182
1qvr 118 40 184
1qvr 290 428 183
1qvr 263 126 185
1qvr 259 25 185
1qvr 58 144 186
1qvr 196 280 186
1qvr 240 312 186
1qvr 73 344 186
1qvr 403 51 188
1qvr 59 72 189
1qvr 350 78 187
1qvr 305 313 188
1qvr 312 441 188
1qvr 217 50 189
1qvr 187 166 189
1qvr 243 428 188
1qvr 374 439 188
1qvr 150 158 189
1qvr 122 252 189
1qvr 473 21 190
1qvr 77 92 191
1qvr 163 34 192
1qvr 328 208 192
1qvr 92 230 193
1qvr 470 230 191
1qvr 189 23 193
1qvr 286 105 193
1qvr 406 304 193
1qvr 458 408 193
1qvr 170 473 193
1qvr 73 26 194
1qvr 425 423 195
1qvr 373 441 195
1qvr 454 156 194
1qvr 422 206 195
1qvr 487 214 196
1qvr 120 326 196
1qvr 165 57 198
1qvr 59 274 198
1qvr 167 431 199
3h84 299 150 1
3h84 274 160 1
3h84 124 153 4
3h84 76 187 4
3h84 82 124 8
3h84 332 146 9
3h84 321 224 11
3h84 413 55 11
3h84 344 163 14
3h84 127 221 15
3h84 269 364 16
3h84 283 17 18
3h84 187 295 17
3h84 142 333 19
3h84 158 250 20
3h84 419 166 21
3h84 445 141 22
3h84 421 89 23
3h84 419 373 27
3h84 98 119 26
3h84 185 265 28
3h84 164 454 29
3h84 381 235 31
3h84 184 169 30
3h84 404 180 33
3h84 64 304 33
3h84 138 262 34
3h84 187 220 38
3h84 91 266 39
3h84 156 18 41
3h84 365 85 41
3h84 232 158 40
3h84 172 276 42
3h84 285 238 44
3h84 18 404 45
3h84 218 357 46
3h84 405 143 48
3h84 73 139 53
3h84 378 348 51
3h84 341 15 52
3h84 280 188 53
3h84 187 407 53
3h84 267 454 55
3h84 331 248 57
3h84 93 262 57
3h84 493 265 58
3h84 124 215 58
3h84 316 41 59
3h84 365 493 59
3h84 250 152 61
3h84 290 17 62
3h84 419 210 63
3h84 13 228 63
3h84 314 252 64
3h84 462 205 72
3h84 442 198 69
3h84 187 397 70
3h84 37 203 73
3h84 418 209 72
3h84 45 229 74
3h84 159 106 75
3h84 346 493 75
3h84 306 442 76
3h84 194 299 78
3h84 131 359 81
3h84 367 46 81
3h84 355 100 81
3h84 211 340 82
3h84 141 108 84
3h84 260 236 83
3h84 27 284 84
3h84 102 39 86
3h84 315 445 88
3h84 148 91 90
3h84 285 183 89
3h84 375 328 90
3h84 251 76 92
3h84 299 199 93
3h84 54 276 94
3h84 100 77 94
3h84 470 173 96
3h84 57 268 95
3h84 85 72 96
3h84 86 145 96
3h84 237 377 98
3h84 28 139 102
3h84 268 223 103
3h84 315 182 105
3h84 18 403 105
3h84 192 284 107
3h84 231 69 110
3h84 372 454 109
3h84 403 29 110
3h84 91 49 113
3h84 155 381 115
3h84 341 215 115
3h84 95 361 116
3h84 402 76 115
3h84 73 379 116
3h84 200 36 118
3h84 146 90 120
3h84 314 38 122
3h84 251 369 121
3h84 492 458 121
3h84 202 171 123
3h84 408 218 122
3h84 54 424 122
3h84 298 120 126
3h84 67 232 125
3h84 283 60 126
3h84 93 202 127
3h84 52 55 127
3h84 427 263 129
3h84 213 475 129
3h84 405 129 132
3h84 308 123 132
3h84 380 285 133
3h84 26 392 132
3h84 67 124 136
3h84 300 71 137
3h84 66 466 139
3h84 46 24 140
3h84 113 115 142
3h84 377 281 140
3h84 198 330 140
3h84 115 159 141
3h84 172 171 141
3h84 468 178 141
3h84 347 388 142
3h84 347 285 144
3h84 423 122 145
3h84 138 152 145
3h84 466 316 147
3h84 140 382 148
3h84 19 402 149
3h84 491 422 149
3h84 459 234 149
3h84 244 200 152
3h84 306 438 154
3h84 39 59 157
3h84 338 108 156
3h84 294 141 156
3h84 251 55 157
3h84 382 38 159
3h84 201 20 160
3h84 412 55 161
3h84 372 483 162
3h84 165 30 163
3h84 45 189 165
3h84 453 299 165
3h84 411 460 165
3h84 337 92 166
3h84 438 154 168
3h84 329 274 167
3h84 242 460 168
3h84 306 72 169
3h84 211 107 170
3h84 324 140 169
3h84 68 198 170
3h84 61 418 171
3h84 56 216 172
3h84 386 98 174
3h84 252 72 174
3h84 221 180 173
3h84 202 228 176
3h84 381 92 176
3h84 69 473 176
3h84 195 392 177
3h84 77 37 180
3h84 211 380 178
3h84 299 379 180
3h84 250 60 181
3h84 450 187 182
3h84 434 379 183
3h84 44 246 184
3h84 460 251 186
3h84 21 387 186
3h84 349 76 190
3h84 138 399 189
3h84 301 119 190
3h84 330 208 191
3h84 189 22 194
3h84 273 144 194
3h84 333 370 196
3h84 264 164 198
2cg9 431 149 0
2cg9 36 423 6
2cg9 44 18 10
2cg9 59 23 10
2cg9 109 51 12
2cg9 147 277 10
2cg9 85 158 15
2cg9 78 36 17
2cg9 11 118 18
2cg9 35 21 19
2cg9 421 88 23
2cg9 419 167 21
2cg9 236 419 23
2cg9 98 119 27
2cg9 419 372 27
2cg9 480 92 28
2cg9 164 454 29
2cg9 435 259 32
2cg9 139 263 33
2cg9 44 84 34
2cg9 115 71 36
2cg9 70 426 36
2cg9 91 266 38
2cg9 157 18 42
2cg9 493 230 41
2cg9 53 95 45
2cg9 420 199 44
2cg9 19 404 45
2cg9 403 368 47
2cg9 20 414 49
2cg9 458 439 54
2cg9 73 138 54
2cg9 492 36 54
2cg9 20 55 54
2cg9 260 212 54
2cg9 332 248 57
2cg9 20 337 62
2cg9 419 211 64
2cg9 13 228 63
2cg9 372 413 65
2cg9 20 198 66
2cg9 68 296 69
2cg9 447 278 73
2cg9 155 24 73
2cg9 498 69 76
2cg9 428 86 75
2cg9 435 247 76
2cg9 44 328 78
2cg9 421 275 84
2cg9 45 435 80
2cg9 419 97 83
2cg9 510 437 83
2cg9 19 72 85
2cg9 22 488 88
2cg9 188 35 88
2cg9 468 341 90
2cg9 486 259 94
2cg9 20 415 98
2cg9 51 24 101
2cg9 419 67 101
2cg9 412 19 104
2cg9 403 201 103
2cg9 18 403 105
2cg9 397 326 107
2cg9 61 435 110
2cg9 403 28 110
2cg9 155 104 112
2cg9 60 132 113
2cg9 100 161 114
2cg9 323 406 117
2cg9 28 44 119
2cg9 427 450 120
2cg9 424 35 122
2cg9 53 424 122
2cg9 403 373 124
2cg9 52 55 127
2cg9 451 91 126
2cg9 179 294 129
2cg9 239 71 131
2cg9 451 15 132
2cg9 308 123 132
2cg9 20 268 131
2cg9 67 124 136
2cg9 28 415 137
2cg9 48 22 140
2cg9 113 115 142
2cg9 347 387 142
2cg9 424 122 146
2cg9 19 402 149
2cg9 364 339 154
2cg9 38 59 156
2cg9 403 288 155
2cg9 22 129 158
2cg9 381 38 160
2cg9 412 55 162
2cg9 420 154 159
2cg9 60 122 164
2cg9 45 192 166
2cg9 307 183 167
2cg9 68 197 170
2cg9 137 259 169
2cg9 55 216 173
2cg9 84 48 177
2cg9 482 56 183
2cg9 438 306 183
2cg9 435 379 183
2cg9 460 251 186
2cg9 22 387 186
2cg9 444 222 187
2cg9 368 242 189
2cg9 23 84 193
2cg9 212 442 194
2cg9 22 324 195
2cg9 484 212 196
3qm1 326 296 1
3qm1 124 154 3
3qm1 103 211 4
3qm1 399 505 4
3qm1 164 277 4
3qm1 20 213 7
3qm1 82 125 8
3qm1 332 145 8
3qm1 320 225 10
3qm1 240 15 12
3qm1 59 22 11
3qm1 413 55 11
3qm1 460 74 12
3qm1 85 158 15
3qm1 126 220 14
3qm1 283 17 16
3qm1 472 141 16
3qm1 188 296 17
3qm1 458 107 18
3qm1 158 249 20
3qm1 494 303 18
3qm1 283 324 19
3qm1 142 332 19
3qm1 418 166 21
3qm1 421 88 22
3qm1 445 141 22
3qm1 236 419 22
3qm1 309 17 23
3qm1 78 70 24
3qm1 110 139 25
3qm1 374 211 24
3qm1 414 132 26
3qm1 23 195 26
3qm1 184 266 28
3qm1 418 373 27
3qm1 94 487 27
3qm1 164 454 29
3qm1 303 118 31
3qm1 182 170 30
3qm1 382 235 31
3qm1 435 260 31
3qm1 64 304 32
3qm1 485 63 33
3qm1 39 185 34
3qm1 139 221 32
3qm1 138 262 34
3qm1 71 427 36
3qm1 90 266 38
3qm1 229 477 38
3qm1 490 482 40
3qm1 188 62 40
3qm1 365 85 42
3qm1 157 19 42
3qm1 232 158 40
3qm1 171 276 42
3qm1 489 302 41
3qm1 54 95 44
3qm1 76 124 43
3qm1 18 404 45
3qm1 39 98 47
3qm1 88 212 48
3qm1 506 324 48
3qm1 150 443 49
3qm1 404 144 49
3qm1 341 16 52
3qm1 247 34 52
3qm1 274 204 51
3qm1 455 441 51
3qm1 375 29 52
3qm1 45 166 53
3qm1 280 189 52
3qm1 187 404 53
3qm1 72 138 54
3qm1 62 234 56
3qm1 266 455 56
3qm1 478 82 56
3qm1 332 248 57
3qm1 494 264 57
3qm1 446 76 56
3qm1 479 12 59
3qm1 365 493 59
3qm1 316 41 60
3qm1 29 29 62
3qm1 174 32 62
3qm1 430 262 62
3qm1 13 228 63
3qm1 278 314 63
3qm1 87 52 64
3qm1 94 189 65
3qm1 399 340 66
3qm1 462 204 66
3qm1 294 276 66
3qm1 226 494 66
3qm1 397 326 68
3qm1 398 358 69
3qm1 42 158 69
3qm1 114 38 70
3qm1 340 164 71
3qm1 120 265 71
3qm1 187 397 71
3qm1 191 192 72
3qm1 462 206 73
3qm1 418 209 72
3qm1 92 251 73
3qm1 192 450 74
3qm1 346 493 75
3qm1 254 195 76
3qm1 462 298 75
3qm1 172 45 77
3qm1 382 293 76
3qm1 232 39 77
3qm1 271 243 77
3qm1 293 355 79
3qm1 366 47 80
3qm1 31 81 81
3qm1 420 275 80
3qm1 255 348 81
3qm1 260 237 84
3qm1 75 418 83
3qm1 102 39 85
3qm1 78 118 85
3qm1 278 276 85
3qm1 214 102 89
3qm1 82 333 88
3qm1 169 122 89
3qm1 187 307 89
3qm1 163 471 89
3qm1 79 169 90
3qm1 23 322 91
3qm1 138 210 92
3qm1 54 276 93
3qm1 487 258 95
3qm1 310 310 93
3qm1 215 105 95
3qm1 55 268 97
3qm1 91 325 99
3qm1 221 499 98
3qm1 471 172 99
3qm1 20 413 100
3qm1 63 33 99
3qm1 16 36 101
3qm1 244 148 100
3qm1 152 265 100
3qm1 250 74 101
3qm1 109 499 101
3qm1 374 66 102
3qm1 439 84 103
3qm1 471 308 105
3qm1 314 182 105
3qm1 18 402 105
3qm1 94 410 105
3qm1 324 226 107
3qm1 284 498 107
3qm1 171 195 108
3qm1 232 69 111
3qm1 151 418 110
3qm1 260 213 111
3qm1 318 462 114
3qm1 91 49 114
3qm1 460 173 114
3qm1 155 381 115
3qm1 38 53 115
3qm1 182 218 116
3qm1 199 37 117
3qm1 375 280 119
3qm1 135 340 118
3qm1 276 108 120
3qm1 22 322 120
3qm1 250 370 121
3qm1 287 257 122
3qm1 380 341 121
3qm1 29 174 123
3qm1 322 310 122
3qm1 455 186 124
3qm1 78 342 123
3qm1 214 410 124
3qm1 390 250 124
3qm1 397 394 126
3qm1 53 55 128
3qm1 58 418 128
3qm1 238 70 130
3qm1 438 246 130
3qm1 406 130 131
3qm1 228 290 132
3qm1 152 35 132
3qm1 254 120 133
3qm1 438 265 133
3qm1 166 13 134
3qm1 66 450 134
3qm1 367 123 135
3qm1 239 135 135
3qm1 230 348 136
3qm1 28 414 136
3qm1 134 494 136
3qm1 218 195 137
3qm1 47 23 139
3qm1 238 230 138
3qm1 39 252 138
3qm1 36 316 139
3qm1 114 159 140
3qm1 346 388 142
3qm1 126 82 143
3qm1 160 388 142
3qm1 138 152 145
3qm1 346 286 145
3qm1 423 122 146
3qm1 19 402 149
3qm1 104 46 148
3qm1 40 442 148
3qm1 470 274 149
3qm1 30 498 149
3qm1 167 70 151
3qm1 328 226 152
3qm1 244 200 152
3qm1 195 190 154
3qm1 39 59 156
3qm1 326 207 155
3qm1 488 216 154
3qm1 403 287 156
3qm1 383 38 158
3qm1 250 55 157
3qm1 200 20 160
3qm1 372 484 162
3qm1 483 26 163
3qm1 93 98 165
3qm1 45 191 165
3qm1 336 93 166
3qm1 327 276 166
3qm1 263 148 168
3qm1 242 461 168
3qm1 367 178 170
3qm1 69 198 169
3qm1 134 258 169
3qm1 134 382 170
3qm1 430 442 170
3qm1 55 215 172
3qm1 61 419 171
3qm1 479 56 172
3qm1 252 73 173
3qm1 168 410 174
3qm1 383 133 175
3qm1 42 277 175
3qm1 84 48 176
3qm1 392 66 177
3qm1 195 392 177
3qm1 370 422 176
3qm1 179 463 179
3qm1 23 345 180
3qm1 470 24 182
3qm1 126 112 181
3qm1 437 307 184
3qm1 187 118 183
3qm1 318 130 183
3qm1 33 98 183
3qm1 368 243 190
3qm1 200 388 187
3qm1 349 76 190
3qm1 278 427 192
3qm1 362 46 195
3qm1 494 293 196
3gl1 326 297 1
3gl1 274 160 2
3gl1 259 48 4
3gl1 124 153 4
3gl1 188 400 2
3gl1 76 188 4
3gl1 332 145 9
3gl1 155 383 9
3gl1 309 18 11
3gl1 321 224 11
3gl1 412 55 11
3gl1 343 164 13
3gl1 180 369 13
3gl1 328 12 14
3gl1 85 158 15
3gl1 127 221 15
3gl1 473 140 15
3gl1 283 17 18
3gl1 228 136 17
3gl1 188 296 18
3gl1 493 304 18
3gl1 243 398 17
3gl1 459 107 18
3gl1 419 167 21
3gl1 421 88 22
3gl1 445 141 22
3gl1 28 365 21
3gl1 25 388 20
3gl1 414 131 25
3gl1 299 170 26
3gl1 98 119 27
3gl1 419 374 27
3gl1 53 73 28
3gl1 205 89 28
3gl1 185 265 28
3gl1 164 454 29
3gl1 302 118 30
3gl1 182 169 30
3gl1 61 376 30
3gl1 116 454 31
3gl1 228 42 32
3gl1 485 63 32
3gl1 357 134 32
3gl1 317 23 34
3gl1 39 185 34
3gl1 140 221 33
3gl1 310 224 34
3gl1 138 262 34
3gl1 44 85 34
3gl1 91 367 35
3gl1 164 274 36
3gl1 71 426 37
3gl1 186 85 36
3gl1 357 214 37
3gl1 91 265 38
3gl1 229 478 38
3gl1 188 63 39
3gl1 157 18 41
3gl1 365 86 41
3gl1 490 482 40
3gl1 493 230 41
3gl1 133 392 42
3gl1 443 409 42
3gl1 53 95 45
3gl1 470 142 43
3gl1 468 241 43
3gl1 138 166 45
3gl1 124 200 45
3gl1 218 357 46
3gl1 202 392 46
3gl1 426 459 46
3gl1 405 144 48
3gl1 403 368 47
3gl1 412 25 51
3gl1 444 72 50
3gl1 376 346 50
3gl1 341 15 52
3gl1 456 440 52
3gl1 247 34 52
3gl1 279 189 54
3gl1 92 334 55
3gl1 267 455 56
3gl1 332 248 57
3gl1 492 265 58
3gl1 465 359 56
3gl1 154 494 57
3gl1 316 41 59
3gl1 138 120 58
3gl1 364 493 59
3gl1 250 152 61
3gl1 196 382 61
3gl1 297 360 62
3gl1 428 174 64
3gl1 125 190 63
3gl1 13 229 63
3gl1 285 191 65
3gl1 419 210 65
3gl1 313 252 65
3gl1 499 113 66
3gl1 293 131 66
3gl1 294 276 66
3gl1 289 142 66
3gl1 442 199 69
3gl1 469 399 69
3gl1 115 39 69
3gl1 370 42 70
3gl1 469 233 71
3gl1 489 296 70
3gl1 156 23 74
3gl1 340 164 71
3gl1 419 209 72
3gl1 187 398 71
3gl1 462 206 75
3gl1 45 230 74
3gl1 93 250 72
3gl1 447 280 72
3gl1 258 310 74
3gl1 157 104 75
3gl1 346 493 75
3gl1 461 298 75
3gl1 306 441 76
3gl1 260 56 76
3gl1 193 299 78
3gl1 292 354 79
3gl1 490 362 80
3gl1 26 486 81
3gl1 509 439 83
3gl1 19 72 85
3gl1 278 276 85
3gl1 69 461 84
3gl1 101 40 86
3gl1 333 240 85
3gl1 325 301 85
3gl1 187 56 87
3gl1 477 318 87
3gl1 13 393 87
3gl1 100 469 87
3gl1 316 446 89
3gl1 22 322 90
3gl1 78 169 90
3gl1 375 328 90
3gl1 293 66 92
3gl1 298 199 92
3gl1 466 407 91
3gl1 470 174 96
3gl1 309 311 94
3gl1 374 354 95
3gl1 413 407 96
3gl1 476 432 96
3gl1 188 464 95
3gl1 85 144 96
3gl1 391 439 97
3gl1 236 377 98
3gl1 283 458 98
3gl1 315 79 100
3gl1 244 147 100
3gl1 28 138 101
3gl1 213 167 102
3gl1 419 68 102
3gl1 123 159 104
3gl1 315 183 105
3gl1 156 120 105
3gl1 471 308 105
3gl1 249 397 106
3gl1 441 124 107
3gl1 324 227 107
3gl1 101 273 107
3gl1 286 496 107
3gl1 372 454 109
3gl1 485 17 110
3gl1 231 69 110
3gl1 481 385 110
3gl1 345 406 110
3gl1 357 357 111
3gl1 378 197 112
3gl1 91 48 113
3gl1 258 86 112
3gl1 440 315 114
3gl1 61 133 113
3gl1 426 183 114
3gl1 155 381 115
3gl1 323 406 116
3gl1 301 438 116
3gl1 200 37 118
3gl1 374 280 118
3gl1 220 424 118
3gl1 204 288 118
3gl1 338 201 120
3gl1 251 369 121
3gl1 54 424 122
3gl1 427 450 120
3gl1 315 38 122
3gl1 201 171 123
3gl1 485 496 121
3gl1 277 166 123
3gl1 379 341 122
3gl1 492 457 122
3gl1 454 184 125
3gl1 77 342 124
3gl1 285 359 124
3gl1 403 375 125
3gl1 214 475 126
3gl1 298 122 126
3gl1 52 55 127
3gl1 452 91 125
3gl1 468 176 126
3gl1 397 393 126
3gl1 473 327 127
3gl1 438 246 130
3gl1 228 281 129
3gl1 297 66 130
3gl1 238 70 131
3gl1 405 129 131
3gl1 207 139 132
3gl1 25 392 132
3gl1 438 265 133
3gl1 251 476 134
3gl1 492 73 137
3gl1 345 149 135
3gl1 228 192 135
3gl1 300 71 136
3gl1 322 226 137
3gl1 467 85 138
3gl1 219 194 138
3gl1 47 23 139
3gl1 489 208 139
3gl1 67 465 139
3gl1 194 392 140
3gl1 115 159 141
3gl1 468 177 141
3gl1 346 388 142
3gl1 139 152 145
3gl1 346 286 144
3gl1 423 122 145
3gl1 152 327 146
3gl1 252 374 145
3gl1 141 383 148
3gl1 19 401 149
3gl1 492 423 149
3gl1 421 224 149
3gl1 445 470 148
3gl1 459 233 150
3gl1 12 456 151
3gl1 244 200 151
3gl1 310 18 154
3gl1 196 190 154
3gl1 488 216 155
3gl1 307 438 154
3gl1 403 287 155
3gl1 39 58 157
3gl1 382 38 159
3gl1 251 54 158
3gl1 23 128 158
3gl1 12 170 157
3gl1 200 19 161
3gl1 501 48 161
3gl1 456 342 160
3gl1 298 62 161
3gl1 484 25 163
3gl1 372 483 163
3gl1 93 97 164
3gl1 44 190 165
3gl1 453 298 165
3gl1 438 154 167
3gl1 306 183 166
3gl1 404 248 166
3gl1 468 430 166
3gl1 194 447 166
3gl1 219 41 167
3gl1 242 461 168
3gl1 306 72 169
3gl1 211 106 169
3gl1 324 140 169
3gl1 69 198 170
3gl1 134 382 170
3gl1 491 305 171
3gl1 497 348 171
3gl1 54 216 172
3gl1 252 72 174
3gl1 467 121 173
3gl1 437 186 172
3gl1 340 241 174
3gl1 379 369 173
3gl1 10 376 173
3gl1 452 38 175
3gl1 69 473 176
3gl1 76 38 176
3gl1 461 73 176
3gl1 196 392 177
3gl1 268 216 177
3gl1 298 379 179
3gl1 180 464 179
3gl1 288 373 179
3gl1 249 60 181
3gl1 470 24 182
3gl1 313 111 181
3gl1 32 98 182
3gl1 437 306 184
3gl1 144 415 184
3gl1 21 386 186
3gl1 297 168 186
3gl1 460 251 186
3gl1 379 119 188
3gl1 349 77 190
3gl1 301 119 190
3gl1 334 94 192
3gl1 278 427 192
3gl1 190 26 194
3gl1 424 185 198
3d2f 327 296 1
3d2f 240 315 2
3d2f 259 48 3
3d2f 378 170 3
3d2f 76 188 4
3d2f 165 277 5
3d2f 277 202 5
3d2f 33 467 5
3d2f 332 145 9
3d2f 183 235 8
3d2f 258 298 7
3d2f 306 452 7
3d2f 155 383 9
3d2f 310 19 12
3d2f 60 23 10
3d2f 109 52 12
3d2f 413 55 11
3d2f 322 226 11
3d2f 229 225 11
3d2f 89 296 12
3d2f 344 163 14
3d2f 128 221 15
3d2f 92 456 14
3d2f 261 458 15
3d2f 84 157 16
3d2f 473 140 15
3d2f 187 295 17
3d2f 323 367 16
3d2f 283 17 18
3d2f 283 323 19
3d2f 143 332 18
3d2f 243 398 17
3d2f 159 250 22
3d2f 419 166 21
3d2f 421 88 23
3d2f 114 63 24
3d2f 415 131 25
3d2f 407 360 25
3d2f 160 394 27
3d2f 111 139 26
3d2f 300 169 27
3d2f 419 373 27
3d2f 297 81 27
3d2f 99 119 26
3d2f 186 265 28
3d2f 164 454 29
3d2f 206 89 28
3d2f 480 91 29
3d2f 184 169 30
3d2f 106 226 32
3d2f 236 285 31
3d2f 62 376 31
3d2f 485 62 32
3d2f 65 304 33
3d2f 228 42 32
3d2f 311 224 33
3d2f 139 263 33
3d2f 460 312 33
3d2f 266 42 35
3d2f 88 451 36
3d2f 187 85 37
3d2f 188 220 37
3d2f 90 265 38
3d2f 72 426 37
3d2f 245 226 38
3d2f 464 351 37
3d2f 157 18 41
3d2f 188 63 39
3d2f 365 85 41
3d2f 182 250 42
3d2f 23 58 44
3d2f 289 92 45
3d2f 53 96 45
3d2f 392 248 45
3d2f 395 51 49
3d2f 340 85 47
3d2f 124 200 45
3d2f 376 307 47
3d2f 217 358 46
3d2f 403 368 48
3d2f 203 392 46
3d2f 217 106 46
3d2f 308 265 47
3d2f 405 143 48
3d2f 72 73 50
3d2f 341 15 52
3d2f 443 330 51
3d2f 80 446 50
3d2f 248 34 53
3d2f 72 138 53
3d2f 457 440 53
3d2f 280 188 54
3d2f 274 112 53
3d2f 387 280 54
3d2f 137 326 53
3d2f 266 455 57
3d2f 251 152 60
3d2f 64 234 56
3d2f 332 248 57
3d2f 94 263 57
3d2f 493 264 58
3d2f 110 458 58
3d2f 316 41 59
3d2f 155 72 60
3d2f 158 147 59
3d2f 390 474 61
3d2f 465 42 61
3d2f 286 195 63
3d2f 206 237 63
3d2f 432 262 63
3d2f 53 62 63
3d2f 388 179 64
3d2f 315 249 66
3d2f 204 82 65
3d2f 262 130 65
3d2f 294 132 65
3d2f 295 276 65
3d2f 402 360 67
3d2f 463 205 73
3d2f 204 248 68
3d2f 401 328 68
3d2f 114 40 69
3d2f 371 42 69
3d2f 186 225 69
3d2f 69 297 69
3d2f 55 349 69
3d2f 193 192 71
3d2f 489 296 70
3d2f 155 24 72
3d2f 419 209 72
3d2f 46 230 73
3d2f 447 279 74
3d2f 158 106 76
3d2f 258 311 74
3d2f 192 450 74
3d2f 27 153 75
3d2f 462 298 75
3d2f 232 40 76
3d2f 255 56 77
3d2f 44 328 77
3d2f 307 441 76
3d2f 437 246 77
3d2f 194 299 78
3d2f 224 223 78
3d2f 210 56 80
3d2f 368 47 81
3d2f 422 275 84
3d2f 355 100 81
3d2f 228 139 84
3d2f 264 168 82
3d2f 27 284 83
3d2f 155 452 82
3d2f 474 26 84
3d2f 232 109 86
3d2f 279 276 85
3d2f 492 458 84
3d2f 70 461 84
3d2f 102 39 87
3d2f 187 56 87
3d2f 188 236 87
3d2f 23 486 87
3d2f 189 36 88
3d2f 100 469 88
3d2f 315 447 88
3d2f 508 457 89
3d2f 164 471 89
3d2f 375 328 90
3d2f 432 210 91
3d2f 56 271 94
3d2f 295 67 92
3d2f 251 76 92
3d2f 299 199 92
3d2f 410 305 92
3d2f 471 174 96
3d2f 375 354 94
3d2f 310 310 94
3d2f 86 145 96
3d2f 413 406 96
3d2f 476 433 96
3d2f 433 370 98
3d2f 291 64 99
3d2f 89 323 99
3d2f 315 79 100
3d2f 362 313 101
3d2f 51 24 102
3d2f 419 68 102
3d2f 317 182 104
3d2f 58 455 102
3d2f 265 472 103
3d2f 411 19 105
3d2f 212 55 104
3d2f 323 116 105
3d2f 252 295 106
3d2f 472 308 105
3d2f 187 392 106
3d2f 324 227 107
3d2f 192 284 107
3d2f 132 287 106
3d2f 231 69 109
3d2f 473 386 109
3d2f 372 455 109
3d2f 276 232 109
3d2f 259 85 112
3d2f 155 104 112
3d2f 128 325 111
3d2f 320 461 113
3d2f 155 381 115
3d2f 403 76 115
3d2f 376 218 116
3d2f 95 361 116
3d2f 200 37 118
3d2f 411 274 118
3d2f 375 280 118
3d2f 91 298 118
3d2f 360 51 120
3d2f 434 452 120
3d2f 315 39 122
3d2f 289 256 122
3d2f 251 369 122
3d2f 55 422 124
3d2f 201 171 123
3d2f 455 185 124
3d2f 408 218 122
3d2f 492 457 121
3d2f 78 342 123
3d2f 404 373 124
3d2f 453 91 126
3d2f 298 121 126
3d2f 214 474 129
3d2f 52 55 127
3d2f 257 160 126
3d2f 67 232 126
3d2f 283 60 129
3d2f 247 39 129
3d2f 208 234 132
3d2f 297 66 130
3d2f 241 71 131
3d2f 439 246 129
3d2f 208 139 133
3d2f 255 121 133
3d2f 39 134 135
3d2f 67 124 135
3d2f 492 73 137
3d2f 222 193 137
3d2f 280 200 137
3d2f 323 227 137
3d2f 407 56 138
3d2f 468 84 138
3d2f 67 465 139
3d2f 48 23 139
3d2f 177 63 139
3d2f 239 230 139
3d2f 199 329 140
3d2f 236 155 140
3d2f 378 281 140
3d2f 173 170 142
3d2f 195 392 140
3d2f 197 58 142
3d2f 111 160 142
3d2f 347 388 142
3d2f 292 14 143
3d2f 423 122 146
3d2f 139 152 145
3d2f 347 287 145
3d2f 152 327 146
3d2f 19 401 149
3d2f 311 73 147
3d2f 131 302 148
3d2f 140 383 148
3d2f 104 46 148
3d2f 423 223 149
3d2f 458 233 149
3d2f 491 422 149
3d2f 103 313 151
3d2f 247 267 152
3d2f 188 273 152
3d2f 362 340 153
3d2f 164 334 154
3d2f 403 451 154
3d2f 196 190 154
3d2f 488 215 155
3d2f 307 438 155
3d2f 24 128 157
3d2f 214 337 158
3d2f 383 38 159
3d2f 251 55 157
3d2f 316 249 158
3d2f 320 265 157
3d2f 201 19 160
3d2f 412 55 162
3d2f 456 342 160
3d2f 500 49 161
3d2f 299 61 161
3d2f 474 218 160
3d2f 188 465 161
3d2f 356 452 162
3d2f 484 25 163
3d2f 166 28 164
3d2f 144 41 165
3d2f 405 248 166
3d2f 454 298 165
3d2f 410 458 166
3d2f 304 71 168
3d2f 337 92 166
3d2f 438 154 168
3d2f 41 415 166
3d2f 467 261 168
3d2f 171 329 168
3d2f 243 460 168
3d2f 220 41 168
3d2f 468 62 168
3d2f 211 106 170
3d2f 324 140 169
3d2f 68 198 170
3d2f 135 382 170
3d2f 330 158 170
3d2f 306 184 171
3d2f 480 56 172
3d2f 437 187 172
3d2f 56 216 172
3d2f 250 72 174
3d2f 162 90 173
3d2f 384 96 175
3d2f 431 200 174
3d2f 154 275 174
3d2f 453 37 175
3d2f 384 132 175
3d2f 393 66 176
3d2f 202 228 177
3d2f 313 472 175
3d2f 84 48 177
3d2f 462 73 177
3d2f 69 473 177
3d2f 27 369 179
3d2f 212 380 178
3d2f 195 391 178
3d2f 222 86 179
3d2f 295 377 179
3d2f 249 60 181
3d2f 132 58 181
3d2f 471 24 182
3d2f 33 99 182
3d2f 438 307 184
3d2f 435 378 184
3d2f 188 336 183
3d2f 65 455 183
3d2f 460 251 186
3d2f 22 387 185
3d2f 292 107 186
3d2f 297 168 186
3d2f 368 243 189
3d2f 350 76 190
3d2f 335 94 192
3d2f 169 138 192
3d2f 190 22 193
3d2f 23 84 193
3d2f 273 146 194
3d2f 122 194 194
3d2f 24 325 195
3d2f 356 362 195
3d2f 458 97 197
3d2f 263 164 197
3d2f 249 264 197
3d2f 423 185 198
4d8q 22 155 3
4d8q 183 445 18
4d8q 467 339 19
4d8q 409 225 21
4d8q 35 305 21
4d8q 353 31 19
4d8q 217 204 21
4d8q 199 223 21
4d8q 273 426 22
4d8q 471 416 22
4d8q 449 392 25
4d8q 146 452 25
4d8q 136 239 26
4d8q 39 38 25
4d8q 259 140 28
4d8q 175 332 29
4d8q 436 341 29
4d8q 67 320 29
4d8q 255 382 30
4d8q 118 451 31
4d8q 175 396 32
4d8q 115 473 30
4d8q 92 72 32
4d8q 155 79 33
4d8q 271 218 33
4d8q 428 232 35
4d8q 270 354 35
4d8q 297 363 34
4d8q 265 119 36
4d8q 269 43 38
4d8q 120 50 36
4d8q 347 270 37
4d8q 244 231 37
4d8q 55 406 39
4d8q 379 70 41
4d8q 22 282 41
4d8q 268 333 41
4d8q 112 163 43
4d8q 196 284 43
4d8q 217 112 43
4d8q 309 208 44
4d8q 346 245 44
4d8q 34 389 42
4d8q 60 337 45
4d8q 48 234 45
4d8q 162 293 45
4d8q 491 208 47
4d8q 328 30 50
4d8q 286 88 48
4d8q 283 277 48
4d8q 127 19 51
4d8q 349 211 49
4d8q 42 204 52
4d8q 285 349 51
4d8q 162 397 55
4d8q 168 83 55
4d8q 329 218 55
4d8q 143 299 55
4d8q 63 464 56
4d8q 126 49 56
4d8q 397 52 55
4d8q 399 95 57
4d8q 59 492 57
4d8q 84 33 59
4d8q 40 101 59
4d8q 203 359 62
4d8q 373 102 62
4d8q 424 263 63
4d8q 235 51 66
4d8q 475 266 65
4d8q 131 278 64
4d8q 406 140 68
4d8q 361 214 67
4d8q 384 449 66
4d8q 461 70 68
4d8q 396 231 68
4d8q 488 372 66
4d8q 388 255 69
4d8q 205 23 71
4d8q 74 204 71
4d8q 279 300 71
4d8q 473 348 71
4d8q 67 301 70
4d8q 325 346 70
4d8q 267 374 71
4d8q 342 224 72
4d8q 441 363 74
4d8q 427 83 75
4d8q 232 296 74
4d8q 104 331 73
4d8q 114 404 77
4d8q 124 486 77
4d8q 157 28 76
4d8q 233 136 76
4d8q 397 113 81
4d8q 369 485 81
4d8q 419 408 79
4d8q 315 32 80
4d8q 323 151 82
4d8q 145 387 81
4d8q 213 256 84
4d8q 414 97 84
4d8q 157 230 87
4d8q 308 236 84
4d8q 98 387 87
4d8q 102 295 88
4d8q 194 160 86
4d8q 338 170 89
4d8q 418 362 87
4d8q 65 155 90
4d8q 229 178 89
4d8q 474 37 90
4d8q 121 42 92
4d8q 309 107 91
4d8q 333 430 92
4d8q 279 480 91
4d8q 440 28 94
4d8q 192 467 94
4d8q 339 41 97
4d8q 178 453 98
4d8q 370 430 97
4d8q 136 128 98
4d8q 485 486 99
4d8q 449 337 98
4d8q 273 264 102
4d8q 153 379 101
4d8q 224 404 101
4d8q 301 88 103
4d8q 244 255 102
4d8q 58 327 106
4d8q 465 193 106
4d8q 156 412 106
4d8q 238 486 107
4d8q 271 83 110
4d8q 387 141 110
4d8q 106 272 110
4d8q 462 470 112
4d8q 404 448 110
4d8q 173 348 115
4d8q 436 318 113
4d8q 216 151 113
4d8q 218 184 115
4d8q 317 258 115
4d8q 136 449 115
4d8q 260 447 114
4d8q 402 323 113
4d8q 479 169 116
4d8q 310 321 115
4d8q 487 105 117
4d8q 455 369 118
4d8q 261 380 115
4d8q 356 48 118
4d8q 425 40 120
4d8q 63 76 119
4d8q 236 232 119
4d8q 114 344 118
4d8q 100 229 122
4d8q 290 357 122
4d8q 26 265 122
4d8q 359 464 123
4d8q 356 416 123
4d8q 330 177 126
4d8q 297 272 126
4d8q 308 342 124
4d8q 184 461 126
4d8q 375 27 129
4d8q 304 174 128
4d8q 273 443 130
4d8q 394 345 131
4d8q 127 440 131
4d8q 392 147 131
4d8q 179 290 131
4d8q 64 43 133
4d8q 132 107 134
4d8q 229 401 135
4d8q 163 278 135
4d8q 302 299 135
4d8q 457 44 138
4d8q 277 37 138
4d8q 228 109 139
4d8q 261 181 139
4d8q 346 215 140
4d8q 276 250 140
4d8q 190 391 140
4d8q 375 445 140
4d8q 83 39 141
4d8q 74 373 139
4d8q 351 175 142
4d8q 155 206 143
4d8q 158 245 142
4d8q 298 348 142
4d8q 381 133 143
4d8q 462 151 144
4d8q 162 54 145
4d8q 325 109 146
4d8q 480 47 147
4d8q 220 483 146
4d8q 322 440 145
4d8q 215 32 148
4d8q 76 138 148
4d8q 307 393 149
4d8q 150 410 151
4d8q 432 430 149
4d8q 181 45 152
4d8q 289 70 152
4d8q 332 416 152
4d8q 77 85 153
4d8q 108 312 151
4d8q 66 490 153
4d8q 340 141 154
4d8q 379 165 155
4d8q 205 258 157
4d8q 59 421 155
4d8q 315 267 157
4d8q 294 362 159
4d8q 346 396 157
4d8q 268 359 161
4d8q 280 44 164
4d8q 343 223 163
4d8q 56 127 162
4d8q 450 208 163
4d8q 225 41 164
4d8q 388 195 167
4d8q 426 185 168
4d8q 287 403 168
4d8q 62 101 168
4d8q 239 420 168
4d8q 212 468 172
4d8q 109 376 170
4d8q 71 263 172
4d8q 159 277 173
4d8q 85 136 173
4d8q 391 223 170
4d8q 191 259 173
4d8q 378 275 176
4d8q 57 305 174
4d8q 469 346 172
4d8q 329 197 175
4d8q 235 211 175
4d8q 122 224 178
4d8q 258 484 177
4d8q 457 39 177
4d8q 348 110 177
4d8q 184 123 179
4d8q 411 475 177
4d8q 467 125 179
4d8q 30 372 179
4d8q 429 88 181
4d8q 487 128 181
4d8q 302 254 181
4d8q 234 126 191
4d8q 266 189 194
1bxn 288 302 13
1bxn 110 344 12
1bxn 491 92 14
1bxn 34 139 15
1bxn 167 165 16
1bxn 430 254 16
1bxn 31 364 19
1bxn 173 77 17
1bxn 442 233 16
1bxn 465 237 19
1bxn 325 403 17
1bxn 321 365 19
1bxn 62 447 19
1bxn 277 395 19
1bxn 424 446 20
1bxn 191 469 20
1bxn 259 256 24
1bxn 469 279 20
1bxn 218 153 23
1bxn 128 374 23
1bxn 232 402 22
1bxn 288 44 23
1bxn 410 56 23
1bxn 197 314 24
1bxn 396 136 24
1bxn 372 164 24
1bxn 305 140 26
1bxn 351 338 25
1bxn 429 184 26
1bxn 293 486 28
1bxn 478 200 26
1bxn 380 405 28
1bxn 209 50 28
1bxn 206 118 27
1bxn 260 478 28
1bxn 473 496 29
1bxn 137 162 30
1bxn 488 426 29
1bxn 100 393 30
1bxn 369 49 33
1bxn 288 433 32
1bxn 225 171 33
1bxn 341 350 33
1bxn 79 147 37
1bxn 478 169 37
1bxn 259 454 37
1bxn 88 125 38
1bxn 312 239 37
1bxn 289 169 39
1bxn 173 457 41
1bxn 75 54 40
1bxn 424 288 43
1bxn 73 17 43
1bxn 138 137 44
1bxn 373 382 45
1bxn 481 382 44
1bxn 359 425 46
1bxn 278 136 46
1bxn 145 355 47
1bxn 402 365 45
1bxn 443 409 47
1bxn 305 425 51
1bxn 365 441 50
1bxn 217 85 53
1bxn 124 134 50
1bxn 299 253 52
1bxn 379 347 50
1bxn 494 122 53
1bxn 213 219 51
1bxn 86 236 51
1bxn 324 466 53
1bxn 156 494 53
1bxn 494 38 55
1bxn 283 453 55
1bxn 349 32 57
1bxn 51 445 59
1bxn 254 341 60
1bxn 213 103 60
1bxn 177 237 59
1bxn 326 339 59
1bxn 19 338 61
1bxn 482 465 60
1bxn 316 479 59
1bxn 489 144 62
1bxn 142 91 62
1bxn 150 348 65
1bxn 373 414 64
1bxn 223 261 65
1bxn 456 314 65
1bxn 442 110 67
1bxn 470 286 66
1bxn 302 165 70
1bxn 272 70 71
1bxn 342 268 70
1bxn 450 280 72
1bxn 353 392 72
1bxn 37 201 72
1bxn 260 36 73
1bxn 72 342 72
1bxn 301 462 75
1bxn 66 385 75
1bxn 209 54 77
1bxn 497 69 78
1bxn 254 327 78
1bxn 429 319 79
1bxn 222 225 81
1bxn 469 440 80
1bxn 233 109 83
1bxn 361 339 83
1bxn 74 414 82
1bxn 292 227 83
1bxn 154 452 83
1bxn 303 494 84
1bxn 33 58 85
1bxn 49 72 84
1bxn 258 106 85
1bxn 479 127 84
1bxn 369 175 85
1bxn 134 62 86
1bxn 193 133 88
1bxn 432 154 86
1bxn 47 410 87
1bxn 465 158 89
1bxn 82 185 88
1bxn 171 212 88
1bxn 466 344 89
1bxn 265 363 87
1bxn 395 473 87
1bxn 464 255 91
1bxn 93 312 89
1bxn 341 402 89
1bxn 28 25 93
1bxn 14 106 90
1bxn 451 486 91
1bxn 196 366 92
1bxn 310 467 92
1bxn 382 69 93
1bxn 95 105 94
1bxn 163 257 92
1bxn 397 288 94
1bxn 271 335 93
1bxn 176 46 97
1bxn 44 226 95
1bxn 351 62 99
1bxn 123 156 99
1bxn 54 201 99
1bxn 410 74 98
1bxn 182 129 100
1bxn 85 149 98
1bxn 105 20 103
1bxn 402 202 102
1bxn 254 425 102
1bxn 395 485 103
1bxn 251 399 104
1bxn 461 98 104
1bxn 16 401 105
1bxn 181 493 105
1bxn 286 495 108
1bxn 489 14 107
1bxn 398 325 106
1bxn 29 431 109
1bxn 70 115 108
1bxn 137 145 109
1bxn 469 321 111
1bxn 478 166 112
1bxn 248 189 112
1bxn 257 19 113
1bxn 405 32 112
1bxn 350 382 114
1bxn 322 409 116
1bxn 258 251 118
1bxn 372 439 117
1bxn 383 402 117
1bxn 199 82 120
1bxn 187 255 120
1bxn 27 47 121
1bxn 138 498 119
1bxn 261 402 121
1bxn 22 189 123
1bxn 273 229 123
1bxn 414 480 122
1bxn 159 76 122
1bxn 364 275 123
1bxn 449 494 123
1bxn 148 467 126
1bxn 65 328 125
1bxn 465 228 127
1bxn 187 336 127
1bxn 196 101 129
1bxn 247 39 131
1bxn 416 135 130
1bxn 348 149 131
1bxn 228 285 131
1bxn 363 350 131
1bxn 450 16 134
1bxn 97 174 134
1bxn 145 442 133
1bxn 366 499 134
1bxn 36 103 134
1bxn 146 284 135
1bxn 39 300 135
1bxn 365 16 134
1bxn 256 122 137
1bxn 426 403 137
1bxn 171 455 139
1bxn 59 88 139
1bxn 433 169 140
1bxn 284 397 139
1bxn 46 343 141
1bxn 443 345 141
1bxn 422 34 143
1bxn 330 175 145
1bxn 292 445 146
1bxn 382 62 148
1bxn 97 388 146
1bxn 256 442 147
1bxn 236 82 149
1bxn 305 139 149
1bxn 341 250 149
1bxn 201 75 150
1bxn 318 57 152
1bxn 144 216 152
1bxn 249 267 152
1bxn 241 421 155
1bxn 492 487 155
1bxn 365 281 156
1bxn 433 136 156
1bxn 485 181 155
1bxn 251 217 156
1bxn 83 441 158
1bxn 304 141 160
1bxn 118 252 162
1bxn 280 275 159
1bxn 257 285 159
1bxn 415 78 160
1bxn 385 110 160
1bxn 486 146 160
1bxn 358 206 162
1bxn 113 457 166
1bxn 475 381 167
1bxn 305 181 169
1bxn 115 18 170
1bxn 171 329 170
1bxn 265 444 169
1bxn 488 365 173
1bxn 406 40 174
1bxn 472 155 173
1bxn 157 170 175
1bxn 65 496 175
1bxn 138 144 178
1bxn 16 170 179
1bxn 104 34 178
1bxn 39 120 178
1bxn 312 474 181
1bxn 117 261 179
1bxn 274 163 181
1bxn 38 221 179
1bxn 284 425 180
1bxn 415 159 181
1bxn 492 237 181
1bxn 481 57 184
1bxn 144 416 185
1bxn 219 402 184
1bxn 197 281 184
1bxn 442 221 186
1bxn 405 87 188
