3cf3 387 46 1
3cf3 222 149 1
3cf3 272 248 3
3cf3 414 422 3
3cf3 207 101 4
3cf3 427 80 5
3cf3 441 125 6
3cf3 471 72 9
3cf3 406 192 8
3cf3 111 345 11
3cf3 168 34 8
3cf3 306 455 10
3cf3 454 158 10
3cf3 284 302 10
3cf3 450 349 12
3cf3 19 188 13
3cf3 198 159 16
3cf3 82 391 15
3cf3 192 480 15
3cf3 222 357 17
3cf3 110 56 16
3cf3 50 270 19
3cf3 126 375 18
3cf3 259 255 19
3cf3 219 308 21
3cf3 450 394 22
3cf3 381 53 22
3cf3 372 165 22
3cf3 395 135 24
3cf3 353 340 27
3cf3 185 353 23
3cf3 467 100 24
3cf3 259 139 25
3cf3 256 302 26
3cf3 437 342 26
3cf3 120 121 27
3cf3 404 180 30
3cf3 486 63 29
3cf3 478 200 30
3cf3 373 281 30
3cf3 342 349 34
3cf3 452 163 30
3cf3 452 254 37
3cf3 281 310 32
3cf3 464 368 32
3cf3 114 372 32
3cf3 288 434 32
3cf3 78 150 33
3cf3 226 170 35
3cf3 241 232 35
3cf3 186 86 36
3cf3 426 325 40
3cf3 347 244 38
3cf3 387 206 38
3cf3 312 239 38
3cf3 158 420 38
3cf3 218 344 38
3cf3 57 361 39
3cf3 22 363 41
3cf3 392 54 41
3cf3 454 124 42
3cf3 178 213 43
3cf3 458 372 43
3cf3 180 252 45
3cf3 373 382 46
3cf3 361 56 45
3cf3 144 355 51
3cf3 342 478 48
3cf3 493 209 50
3cf3 212 220 51
3cf3 107 392 49
3cf3 305 425 50
3cf3 267 32 52
3cf3 460 21 52
3cf3 219 386 54
3cf3 419 485 53
3cf3 133 468 54
3cf3 48 56 56
3cf3 352 34 56
3cf3 440 342 56
3cf3 199 43 59
3cf3 443 369 60
3cf3 150 349 61
3cf3 87 362 60
3cf3 101 148 61
3cf3 469 182 62
3cf3 418 300 64
3cf3 371 67 67
3cf3 18 341 65
3cf3 345 385 66
3cf3 376 98 67
3cf3 456 142 69
3cf3 256 465 69
3cf3 342 266 70
3cf3 489 295 71
3cf3 230 178 72
3cf3 388 340 73
3cf3 116 403 72
3cf3 59 138 76
3cf3 217 157 75
3cf3 132 174 74
3cf3 384 38 76
3cf3 372 323 75
3cf3 452 33 78
3cf3 355 55 76
3cf3 42 97 78
3cf3 105 120 78
3cf3 230 138 80
3cf3 261 38 79
3cf3 370 130 80
3cf3 135 317 82
3cf3 298 54 84
3cf3 89 137 82
3cf3 495 69 82
3cf3 431 154 84
3cf3 140 359 84
3cf3 32 354 86
3cf3 47 410 88
3cf3 228 347 87
3cf3 403 382 88
3cf3 373 94 89
3cf3 248 213 89
3cf3 66 310 89
3cf3 228 457 90
3cf3 436 180 93
3cf3 101 190 90
3cf3 27 24 90
3cf3 229 68 93
3cf3 473 38 93
3cf3 35 472 95
3cf3 403 45 95
3cf3 339 97 96
3cf3 220 200 95
3cf3 196 366 94
3cf3 148 315 96
3cf3 394 326 99
3cf3 489 102 98
3cf3 344 147 100
3cf3 85 148 99
3cf3 451 168 102
3cf3 123 311 101
3cf3 182 491 104
3cf3 35 141 105
3cf3 186 19 106
3cf3 135 146 105
3cf3 182 86 105
3cf3 32 200 105
3cf3 404 30 110
3cf3 322 97 110
3cf3 436 105 110
3cf3 356 183 109
3cf3 161 316 109
3cf3 488 85 110
3cf3 135 478 108
3cf3 399 326 111
3cf3 101 166 112
3cf3 99 360 112
3cf3 269 310 114
3cf3 466 341 113
3cf3 259 485 113
3cf3 276 81 115
3cf3 73 455 114
3cf3 442 56 115
3cf3 357 295 115
3cf3 384 401 118
3cf3 223 107 119
3cf3 98 305 120
3cf3 354 122 119
3cf3 146 142 119
3cf3 84 149 122
3cf3 309 148 119
3cf3 226 423 120
3cf3 170 49 121
3cf3 440 54 122
3cf3 365 394 122
3cf3 366 233 125
3cf3 117 482 125
3cf3 434 109 126
3cf3 438 393 126
3cf3 403 229 127
3cf3 167 316 130
3cf3 198 364 129
3cf3 27 391 127
3cf3 341 298 128
3cf3 449 17 133
3cf3 248 39 131
3cf3 74 276 132
3cf3 396 398 133
3cf3 67 123 132
3cf3 411 181 132
3cf3 28 423 134
3cf3 405 20 135
3cf3 436 292 135
3cf3 197 44 136
3cf3 269 69 136
3cf3 164 355 137
3cf3 483 373 137
3cf3 444 343 138
3cf3 430 196 139
3cf3 241 232 139
3cf3 48 343 140
3cf3 166 473 140
3cf3 422 110 141
3cf3 465 119 140
3cf3 477 352 143
3cf3 471 84 143
3cf3 175 100 143
3cf3 225 137 146
3cf3 490 469 146
3cf3 133 31 147
3cf3 115 153 150
3cf3 62 388 149
3cf3 170 118 150
3cf3 448 379 149
3cf3 98 386 148
3cf3 436 38 152
3cf3 389 344 151
3cf3 102 25 154
3cf3 402 166 151
3cf3 73 399 152
3cf3 449 69 156
3cf3 98 134 155
3cf3 367 95 156
3cf3 405 162 159
3cf3 471 349 157
3cf3 226 99 160
3cf3 99 175 162
3cf3 134 323 159
3cf3 335 360 159
3cf3 386 108 161
3cf3 82 324 159
3cf3 215 166 161
3cf3 49 343 160
3cf3 258 184 163
3cf3 450 68 165
3cf3 359 203 165
3cf3 41 239 165
3cf3 367 420 164
3cf3 213 299 167
3cf3 444 406 166
3cf3 404 307 168
3cf3 336 330 168
3cf3 40 347 170
3cf3 186 38 170
3cf3 171 150 170
3cf3 278 349 172
3cf3 137 142 174
3cf3 340 348 174
3cf3 253 330 175
3cf3 234 472 175
3cf3 184 61 177
3cf3 162 240 177
3cf3 340 82 177
3cf3 427 24 180
3cf3 22 310 181
3cf3 453 148 183
3cf3 125 378 182
3cf3 117 300 185
3cf3 262 124 185
3cf3 264 355 185
3cf3 186 125 186
3cf3 201 136 187
3cf3 445 187 190
3cf3 481 55 188
3cf3 58 72 189
3cf3 436 150 189
3cf3 272 20 191
3cf3 289 326 192
3cf3 27 364 190
3cf3 453 158 193
3cf3 188 355 196
3cf3 357 365 197
3cf3 31 284 197
3cf3 454 363 197
3cf3 434 370 197
3cf3 355 80 198
1s3x 474 98 0
1s3x 275 506 3
1s3x 76 188 4
1s3x 418 36 6
1s3x 82 124 8
1s3x 331 146 8
1s3x 468 452 8
1s3x 460 75 12
1s3x 473 141 15
1s3x 324 484 15
1s3x 458 107 18
1s3x 386 314 18
1s3x 283 323 19
1s3x 226 1 19
1s3x 390 492 20
1s3x 419 166 21
1s3x 466 467 21
1s3x 314 154 22
1s3x 236 419 23
1s3x 26 461 24
1s3x 478 306 24
1s3x 70 476 25
1s3x 419 373 27
1s3x 260 258 27
1s3x 53 74 29
1s3x 164 455 29
1s3x 381 235 31
1s3x 411 506 30
1s3x 65 305 31
1s3x 40 185 34
1s3x 138 262 34
1s3x 475 269 36
1s3x 323 298 37
1s3x 71 426 37
1s3x 91 266 38
1s3x 228 477 38
1s3x 490 482 40
1s3x 76 124 43
1s3x 171 275 42
1s3x 366 85 43
1s3x 18 404 45
1s3x 37 451 44
1s3x 507 323 49
1s3x 149 443 49
1s3x 504 507 48
1s3x 434 267 50
1s3x 346 162 51
1s3x 274 204 52
1s3x 45 426 50
1s3x 456 440 50
1s3x 339 482 52
1s3x 349 188 53
1s3x 72 139 55
1s3x 267 455 56
1s3x 332 248 57
1s3x 10 506 58
1s3x 364 493 59
1s3x 436 498 60
1s3x 54 66 62
1s3x 279 315 63
1s3x 88 51 64
1s3x 428 173 64
1s3x 226 494 65
1s3x 499 114 67
1s3x 399 340 66
1s3x 298 498 68
1s3x 308 212 68
1s3x 115 38 70
1s3x 42 159 69
1s3x 171 330 69
1s3x 28 466 69
1s3x 470 234 71
1s3x 419 209 71
1s3x 404 330 72
1s3x 92 250 72
1s3x 229 444 73
1s3x 346 493 75
1s3x 116 124 76
1s3x 306 442 76
1s3x 433 492 75
1s3x 292 354 78
1s3x 420 274 79
1s3x 26 485 80
1s3x 473 498 81
1s3x 261 236 83
1s3x 467 7 86
1s3x 345 491 86
1s3x 477 317 87
1s3x 22 322 90
1s3x 53 474 87
1s3x 82 333 89
1s3x 324 490 88
1s3x 170 122 89
1s3x 187 306 89
1s3x 164 471 89
1s3x 138 210 92
1s3x 54 276 94
1s3x 346 106 94
1s3x 412 481 94
1s3x 488 259 94
1s3x 341 282 95
1s3x 476 434 98
1s3x 244 147 100
1s3x 18 36 100
1s3x 377 114 100
1s3x 250 75 101
1s3x 109 499 101
1s3x 290 494 106
1s3x 471 307 105
1s3x 94 410 105
1s3x 82 491 105
1s3x 283 498 107
1s3x 314 183 107
1s3x 372 454 109
1s3x 170 194 108
1s3x 231 68 111
1s3x 490 106 112
1s3x 356 187 112
1s3x 253 19 114
1s3x 426 182 114
1s3x 397 402 114
1s3x 39 53 115
1s3x 78 322 115
1s3x 181 218 116
1s3x 73 379 117
1s3x 146 90 120
1s3x 22 322 120
1s3x 250 370 121
1s3x 380 340 122
1s3x 217 476 123
1s3x 114 116 126
1s3x 184 338 125
1s3x 396 394 125
1s3x 52 55 127
1s3x 233 363 126
1s3x 67 490 127
1s3x 58 418 128
1s3x 460 499 128
1s3x 421 403 131
1s3x 340 482 132
1s3x 467 503 131
1s3x 308 124 132
1s3x 378 506 132
1s3x 308 435 133
1s3x 452 12 134
1s3x 322 226 137
1s3x 28 414 136
1s3x 39 252 138
1s3x 66 466 139
1s3x 36 316 139
1s3x 346 387 142
1s3x 88 19 143
1s3x 126 82 144
1s3x 246 268 145
1s3x 453 379 145
1s3x 20 401 148
1s3x 40 442 148
1s3x 250 154 148
1s3x 30 498 149
1s3x 69 290 151
1s3x 418 422 152
1s3x 363 474 150
1s3x 59 283 152
1s3x 13 457 151
1s3x 116 179 152
1s3x 482 120 153
1s3x 485 498 154
1s3x 39 58 156
1s3x 488 216 155
1s3x 250 54 157
1s3x 413 338 158
1s3x 372 483 162
1s3x 201 20 161
1s3x 34 476 161
1s3x 483 26 163
1s3x 356 452 163
1s3x 338 92 165
1s3x 93 98 165
1s3x 194 74 168
1s3x 325 140 169
1s3x 264 148 168
1s3x 242 460 168
1s3x 210 106 170
1s3x 61 418 171
1s3x 367 178 170
1s3x 62 499 170
1s3x 69 198 171
1s3x 56 216 172
1s3x 277 306 174
1s3x 106 490 175
1s3x 195 391 177
1s3x 68 474 179
1s3x 370 394 180
1s3x 249 60 180
1s3x 33 98 183
1s3x 437 306 182
1s3x 318 130 184
1s3x 434 379 185
1s3x 460 251 186
1s3x 441 466 188
1s3x 194 363 190
1s3x 333 370 196
1s3x 424 185 198
1u6g 239 312 2
1u6g 125 294 4
1u6g 75 377 6
1u6g 138 404 7
1u6g 259 294 7
1u6g 397 379 7
1u6g 345 439 8
1u6g 44 17 9
1u6g 311 18 11
1u6g 261 132 8
1u6g 332 145 10
1u6g 364 259 9
1u6g 108 51 13
1u6g 88 295 12
1u6g 287 301 14
1u6g 109 344 13
1u6g 355 28 14
1u6g 300 64 14
1u6g 35 139 15
1u6g 86 157 16
1u6g 325 401 15
1u6g 60 447 17
1u6g 268 152 19
1u6g 76 36 17
1u6g 228 134 17
1u6g 144 334 18
1u6g 322 366 17
1u6g 333 307 20
1u6g 387 313 18
1u6g 127 374 22
1u6g 57 74 20
1u6g 283 323 19
1u6g 348 28 21
1u6g 260 254 23
1u6g 28 364 20
1u6g 211 329 23
1u6g 396 330 25
1u6g 75 392 22
1u6g 347 334 24
1u6g 299 170 25
1u6g 98 119 26
1u6g 307 139 26
1u6g 436 342 26
1u6g 158 395 27
1u6g 396 69 27
1u6g 204 88 27
1u6g 186 264 29
1u6g 163 454 29
1u6g 236 284 30
1u6g 134 60 30
1u6g 305 117 30
1u6g 134 161 35
1u6g 341 347 31
1u6g 60 375 31
1u6g 260 476 30
1u6g 369 50 32
1u6g 379 235 32
1u6g 52 424 32
1u6g 93 74 34
1u6g 148 78 32
1u6g 52 483 33
1u6g 265 116 36
1u6g 39 185 35
1u6g 91 265 38
1u6g 90 451 36
1u6g 115 69 38
1u6g 276 352 37
1u6g 301 363 37
1u6g 380 116 37
1u6g 78 146 37
1u6g 388 52 38
1u6g 28 431 38
1u6g 61 332 39
1u6g 181 468 39
1u6g 364 84 40
1u6g 109 167 42
1u6g 363 260 40
1u6g 291 345 43
1u6g 443 408 42
1u6g 354 180 44
1u6g 363 56 46
1u6g 52 94 45
1u6g 404 316 45
1u6g 59 342 45
1u6g 116 387 43
1u6g 403 366 46
1u6g 362 155 47
1u6g 307 266 49
1u6g 204 484 53
1u6g 326 27 52
1u6g 72 71 50
1u6g 378 347 52
1u6g 74 138 53
1u6g 348 187 54
1u6g 339 276 52
1u6g 65 421 52
1u6g 457 440 52
1u6g 156 492 54
1u6g 267 453 54
1u6g 84 12 54
1u6g 251 151 59
1u6g 92 333 55
1u6g 66 468 57
1u6g 332 247 57
1u6g 427 267 58
1u6g 316 40 59
1u6g 151 73 59
1u6g 253 341 61
1u6g 61 176 61
1u6g 19 335 61
1u6g 87 363 62
1u6g 150 348 63
1u6g 388 178 63
1u6g 411 394 63
1u6g 388 259 67
1u6g 244 376 63
1u6g 372 413 64
1u6g 374 97 64
1u6g 53 348 67
1u6g 137 93 66
1u6g 371 291 68
1u6g 324 340 68
1u6g 380 394 68
1u6g 355 484 67
1u6g 461 205 70
1u6g 400 327 68
1u6g 371 42 69
1u6g 69 296 69
1u6g 172 56 69
1u6g 202 247 70
1u6g 347 87 72
1u6g 341 104 71
1u6g 411 135 70
1u6g 72 343 73
1u6g 372 427 74
1u6g 339 163 72
1u6g 155 23 74
1u6g 448 278 72
1u6g 44 228 74
1u6g 228 444 73
1u6g 156 103 75
1u6g 59 139 78
1u6g 173 362 75
1u6g 121 490 76
1u6g 355 54 75
1u6g 253 327 76
1u6g 67 384 76
1u6g 260 387 76
1u6g 383 292 77
1u6g 43 327 77
1u6g 50 347 76
1u6g 262 35 78
1u6g 69 484 79
1u6g 380 38 78
1u6g 396 115 80
1u6g 363 380 80
1u6g 209 54 79
1u6g 379 259 80
1u6g 154 450 81
1u6g 367 172 82
1u6g 211 339 82
1u6g 371 459 85
1u6g 25 486 84
1u6g 420 275 86
1u6g 111 360 83
1u6g 19 72 85
1u6g 259 102 85
1u6g 80 186 86
1u6g 299 197 89
1u6g 324 301 86
1u6g 89 342 86
1u6g 69 460 85
1u6g 69 329 86
1u6g 394 474 86
1u6g 13 392 88
1u6g 188 35 89
1u6g 356 132 88
1u6g 467 343 90
1u6g 403 382 88
1u6g 100 468 88
1u6g 60 156 89
1u6g 148 89 91
1u6g 310 332 90
1u6g 344 364 91
1u6g 99 390 92
1u6g 251 75 92
1u6g 58 267 93
1u6g 309 467 91
1u6g 404 51 92
1u6g 340 197 92
1u6g 326 357 92
1u6g 84 74 94
1u6g 100 76 95
1u6g 93 104 94
1u6g 395 326 95
1u6g 372 424 95
1u6g 396 284 94
1u6g 313 307 96
1u6g 20 414 97
1u6g 85 146 97
1u6g 148 316 97
1u6g 339 41 100
1u6g 181 131 100
1u6g 73 360 100
1u6g 51 23 100
1u6g 180 448 100
1u6g 181 494 102
1u6g 123 312 102
1u6g 251 397 103
1u6g 19 228 103
1u6g 405 444 104
1u6g 460 99 105
1u6g 326 117 105
1u6g 54 325 106
1u6g 243 116 105
1u6g 396 325 106
1u6g 188 391 106
1u6g 68 115 108
1u6g 138 143 108
1u6g 388 136 109
1u6g 230 68 108
1u6g 181 85 108
1u6g 371 453 109
1u6g 404 29 111
1u6g 356 357 111
1u6g 82 377 112
1u6g 348 381 113
1u6g 259 85 112
1u6g 155 103 112
1u6g 44 375 113
1u6g 60 132 113
1u6g 268 308 114
1u6g 441 315 115
1u6g 100 161 113
1u6g 258 359 115
1u6g 323 406 116
1u6g 177 363 120
1u6g 136 452 116
1u6g 164 89 117
1u6g 372 438 118
1u6g 27 47 120
1u6g 199 81 120
1u6g 358 464 121
1u6g 364 273 123
1u6g 54 424 122
1u6g 22 187 122
1u6g 304 344 123
1u6g 290 354 123
1u6g 298 121 124
1u6g 94 227 123
1u6g 66 325 124
1u6g 186 336 126
1u6g 244 35 125
1u6g 132 362 125
1u6g 213 474 130
1u6g 52 54 126
1u6g 283 60 128
1u6g 452 91 126
1u6g 436 114 128
1u6g 341 299 126
1u6g 358 124 128
1u6g 180 294 128
1u6g 363 352 130
1u6g 196 100 129
1u6g 97 174 131
1u6g 126 189 130
1u6g 208 234 133
1u6g 276 396 129
1u6g 308 123 131
1u6g 208 139 132
1u6g 372 397 132
1u6g 123 443 134
1u6g 346 149 133
1u6g 26 392 132
1u6g 406 20 134
1u6g 44 24 137
1u6g 168 12 134
1u6g 99 20 134
1u6g 249 36 135
1u6g 255 119 136
1u6g 379 284 134
1u6g 132 111 136
1u6g 67 124 135
1u6g 39 133 137
1u6g 411 364 136
1u6g 326 306 139
1u6g 171 456 138
1u6g 178 61 140
1u6g 347 302 140
1u6g 67 467 139
1u6g 460 504 139
1u6g 112 114 142
1u6g 460 155 142
1u6g 198 328 141
1u6g 444 344 141
1u6g 194 391 140
1u6g 372 323 142
1u6g 347 388 142
1u6g 275 286 143
1u6g 132 316 145
1u6g 364 475 146
1u6g 308 164 147
1u6g 246 267 148
1u6g 425 122 149
1u6g 116 151 146
1u6g 83 135 147
1u6g 339 251 147
1u6g 110 310 148
1u6g 92 356 147
1u6g 179 49 150
1u6g 140 382 149
1u6g 19 402 149
1u6g 218 413 151
1u6g 331 69 150
1u6g 243 326 149
1u6g 132 31 150
1u6g 156 309 150
1u6g 244 200 151
1u6g 37 57 155
1u6g 356 57 153
1u6g 364 339 154
1u6g 63 486 153
1u6g 492 485 155
1u6g 72 87 155
1u6g 364 280 154
1u6g 70 399 155
1u6g 163 333 154
1u6g 155 391 154
1u6g 385 339 159
1u6g 296 140 157
1u6g 53 421 156
1u6g 147 103 158
1u6g 380 37 160
1u6g 58 123 161
1u6g 171 305 158
1u6g 292 357 159
1u6g 333 358 159
1u6g 76 200 159
1u6g 412 55 161
1u6g 118 251 161
1u6g 140 360 160
1u6g 103 109 165
1u6g 164 408 162
1u6g 242 276 164
1u6g 405 247 165
1u6g 339 91 166
1u6g 114 456 166
1u6g 307 182 169
1u6g 171 328 167
1u6g 83 392 167
1u6g 293 449 167
1u6g 326 139 169
1u6g 438 153 169
1u6g 107 382 169
1u6g 305 71 169
1u6g 87 132 170
1u6g 67 197 170
1u6g 355 267 169
1u6g 375 370 171
1u6g 379 426 169
1u6g 83 60 171
1u6g 134 381 170
1u6g 490 364 172
1u6g 155 275 173
1u6g 43 347 174
1u6g 65 496 175
1u6g 54 307 173
1u6g 338 350 174
1u6g 332 476 173
1u6g 136 144 177
1u6g 364 200 173
1u6g 76 37 179
1u6g 315 426 176
1u6g 69 473 177
1u6g 311 472 178
1u6g 380 91 176
1u6g 106 198 176
1u6g 221 85 179
1u6g 69 372 177
1u6g 27 368 178
1u6g 294 376 179
1u6g 187 119 180
1u6g 16 170 179
1u6g 53 282 179
1u6g 250 59 182
1u6g 117 262 181
1u6g 35 135 182
1u6g 435 379 183
1u6g 340 249 182
1u6g 379 276 182
1u6g 308 356 183
1u6g 482 56 183
1u6g 439 306 185
1u6g 364 437 184
1u6g 459 251 185
1u6g 220 400 185
1u6g 298 169 186
1u6g 22 387 186
1u6g 339 300 186
1u6g 404 85 187
1u6g 367 243 189
1u6g 174 324 187
1u6g 380 118 188
1u6g 170 137 192
1u6g 336 93 192
1u6g 348 103 192
1u6g 444 179 192
1u6g 51 195 192
1u6g 356 257 193
1u6g 172 101 193
1u6g 358 366 196
1u6g 124 293 196
1u6g 276 310 197
1u6g 316 497 197
1u6g 119 164 198
4cr2 422 278 1
4cr2 258 287 1
4cr2 380 283 3
4cr2 417 173 4
4cr2 161 469 4
4cr2 466 199 4
4cr2 186 330 6
4cr2 415 379 5
4cr2 368 154 8
4cr2 203 477 8
4cr2 355 25 7
4cr2 152 142 8
4cr2 334 160 12
4cr2 309 304 9
4cr2 299 417 8
4cr2 442 154 9
4cr2 157 384 9
4cr2 116 414 9
4cr2 46 130 10
4cr2 286 177 9
4cr2 252 446 14
4cr2 323 235 16
4cr2 350 417 17
4cr2 214 121 18
4cr2 135 475 15
4cr2 332 303 17
4cr2 364 169 19
4cr2 241 399 18
4cr2 470 280 22
4cr2 443 407 20
4cr2 185 411 21
4cr2 469 91 22
4cr2 85 161 22
4cr2 427 191 22
4cr2 308 117 25
4cr2 309 186 25
4cr2 440 339 25
4cr2 208 232 27
4cr2 326 255 27
4cr2 410 58 26
4cr2 375 282 29
4cr2 256 300 27
4cr2 418 412 30
4cr2 44 478 32
4cr2 65 227 28
4cr2 120 372 29
4cr2 437 32 33
4cr2 455 163 32
4cr2 238 173 41
4cr2 429 326 34
4cr2 458 367 37
4cr2 241 231 33
4cr2 58 370 35
4cr2 137 164 36
4cr2 454 458 38
4cr2 394 57 36
4cr2 385 257 40
4cr2 340 346 42
4cr2 245 400 41
4cr2 386 208 40
4cr2 312 239 39
4cr2 250 163 40
4cr2 180 215 43
4cr2 278 311 41
4cr2 313 421 45
4cr2 358 49 46
4cr2 395 52 48
4cr2 420 478 49
4cr2 388 209 47
4cr2 222 384 51
4cr2 104 394 48
4cr2 266 471 48
4cr2 286 350 50
4cr2 148 234 55
4cr2 328 273 53
4cr2 443 336 53
4cr2 454 417 50
4cr2 169 84 51
4cr2 466 373 50
4cr2 241 275 53
4cr2 263 207 55
4cr2 153 147 59
4cr2 65 415 57
4cr2 55 62 61
4cr2 196 196 61
4cr2 177 234 58
4cr2 347 376 58
4cr2 234 430 59
4cr2 234 355 65
4cr2 138 96 64
4cr2 468 184 66
4cr2 386 256 62
4cr2 463 320 62
4cr2 234 118 65
4cr2 139 432 66
4cr2 56 111 66
4cr2 395 333 67
4cr2 472 358 66
4cr2 301 397 68
4cr2 425 54 73
4cr2 349 310 69
4cr2 370 428 74
4cr2 170 437 70
4cr2 339 462 68
4cr2 109 381 70
4cr2 59 176 70
4cr2 194 325 73
4cr2 416 442 75
4cr2 348 105 73
4cr2 218 158 73
4cr2 191 478 74
4cr2 310 36 73
4cr2 231 296 75
4cr2 178 362 76
4cr2 384 37 75
4cr2 299 114 75
4cr2 130 173 75
4cr2 105 250 78
4cr2 326 379 79
4cr2 366 130 82
4cr2 61 138 80
4cr2 357 248 82
4cr2 439 392 81
4cr2 138 357 81
4cr2 145 388 81
4cr2 128 189 81
4cr2 290 177 83
4cr2 357 274 87
4cr2 429 276 86
4cr2 49 442 86
4cr2 147 83 88
4cr2 429 152 86
4cr2 81 83 87
4cr2 482 282 88
4cr2 305 381 93
4cr2 486 194 89
4cr2 184 313 93
4cr2 341 95 94
4cr2 231 70 92
4cr2 403 43 95
4cr2 426 150 96
4cr2 92 144 95
4cr2 413 301 95
4cr2 464 397 100
4cr2 367 113 99
4cr2 442 178 98
4cr2 126 388 98
4cr2 122 310 100
4cr2 309 222 101
4cr2 344 262 103
4cr2 458 360 100
4cr2 71 361 101
4cr2 302 86 100
4cr2 298 151 101
4cr2 109 263 103
4cr2 409 403 102
4cr2 155 412 108
4cr2 435 64 103
4cr2 254 379 105
4cr2 264 474 105
4cr2 172 198 106
4cr2 127 380 106
4cr2 399 264 107
4cr2 100 200 107
4cr2 169 223 110
4cr2 160 316 109
4cr2 190 390 109
4cr2 357 184 111
4cr2 265 311 112
4cr2 358 361 110
4cr2 214 264 116
4cr2 316 131 112
4cr2 402 323 112
4cr2 464 343 115
4cr2 32 143 114
4cr2 99 359 114
4cr2 79 379 116
4cr2 296 114 116
4cr2 94 167 115
4cr2 356 126 118
4cr2 95 303 119
4cr2 350 386 117
4cr2 230 423 118
4cr2 434 262 119
4cr2 362 237 124
4cr2 437 368 124
4cr2 390 175 123
4cr2 122 288 123
4cr2 394 276 124
4cr2 278 470 125
4cr2 407 224 125
4cr2 416 134 127
4cr2 430 266 128
4cr2 306 93 132
4cr2 353 110 131
4cr2 447 221 133
4cr2 168 313 130
4cr2 197 365 129
4cr2 232 367 129
4cr2 325 398 131
4cr2 470 77 136
4cr2 436 192 134
4cr2 470 120 132
4cr2 203 295 137
4cr2 362 290 134
4cr2 237 265 135
4cr2 412 397 136
4cr2 91 346 138
4cr2 389 256 140
4cr2 33 425 141
4cr2 236 150 139
4cr2 39 318 140
4cr2 103 61 140
4cr2 403 317 142
4cr2 166 377 144
4cr2 281 399 141
4cr2 106 155 143
4cr2 466 268 146
4cr2 245 322 145
4cr2 483 410 142
4cr2 324 464 142
4cr2 424 116 148
4cr2 387 63 145
4cr2 130 309 147
4cr2 300 138 145
4cr2 248 37 149
4cr2 135 163 149
4cr2 396 293 150
4cr2 471 457 149
4cr2 312 162 150
4cr2 149 213 150
4cr2 34 86 150
4cr2 216 416 151
4cr2 422 422 152
4cr2 341 73 152
4cr2 242 294 152
4cr2 458 412 154
4cr2 151 132 156
4cr2 301 138 155
4cr2 100 127 157
4cr2 460 251 157
4cr2 478 320 159
4cr2 265 361 157
4cr2 176 248 157
4cr2 447 69 163
4cr2 343 473 160
4cr2 167 203 162
4cr2 361 202 163
4cr2 312 314 162
4cr2 287 117 164
4cr2 160 478 165
4cr2 326 174 164
4cr2 178 245 163
4cr2 129 280 163
4cr2 469 349 163
4cr2 269 389 167
4cr2 202 293 169
4cr2 410 299 165
4cr2 108 357 164
4cr2 202 360 166
4cr2 240 420 166
4cr2 378 422 167
4cr2 133 258 167
4cr2 160 413 169
4cr2 334 337 169
4cr2 443 126 171
4cr2 388 224 172
4cr2 171 147 175
4cr2 382 91 177
4cr2 430 190 173
4cr2 328 250 172
4cr2 470 346 173
4cr2 127 90 174
4cr2 414 273 176
4cr2 410 475 178
4cr2 343 345 181
4cr2 164 241 177
4cr2 454 336 182
4cr2 328 197 178
4cr2 322 248 183
4cr2 35 129 181
4cr2 315 137 187
4cr2 162 209 184
4cr2 186 167 187
4cr2 410 161 187
4cr2 362 238 187
4cr2 408 46 187
4cr2 234 353 187
4cr2 245 428 189
4cr2 197 275 189
4cr2 362 163 190
4cr2 168 250 190
4cr2 452 288 190
4cr2 248 345 191
4cr2 358 368 192
4cr2 216 454 193
4cr2 471 79 193
4cr2 359 95 194
4cr2 322 192 192
4cr2 282 332 192
4cr2 455 156 194
4cr2 433 370 195
4cr2 391 317 195
4cr2 351 468 195
4cr2 349 130 198
4cr2 231 382 196
4cr2 166 431 197
1qvr 313 68 3
1qvr 300 153 2
1qvr 272 160 1
1qvr 132 181 2
1qvr 410 215 1
1qvr 44 219 3
1qvr 65 411 1
1qvr 417 170 2
1qvr 137 321 3
1qvr 211 103 7
1qvr 376 170 4
1qvr 133 254 5
1qvr 248 150 5
1qvr 467 153 5
1qvr 255 297 7
1qvr 184 324 6
1qvr 441 124 7
1qvr 151 144 8
1qvr 407 370 7
1qvr 166 34 8
1qvr 282 304 9
1qvr 199 366 10
1qvr 395 83 9
1qvr 38 195 9
1qvr 158 384 10
1qvr 454 158 9
1qvr 176 370 11
1qvr 85 426 12
1qvr 364 105 11
1qvr 374 136 11
1qvr 287 158 13
1qvr 230 228 11
1qvr 53 348 12
1qvr 28 363 13
1qvr 124 275 13
1qvr 330 158 16
1qvr 82 390 15
1qvr 321 403 14
1qvr 85 157 19
1qvr 204 191 15
1qvr 294 244 16
1qvr 184 295 14
1qvr 221 355 16
1qvr 55 422 15
1qvr 468 277 21
1qvr 156 251 18
1qvr 259 254 18
1qvr 331 304 19
1qvr 387 313 18
1qvr 370 352 20
1qvr 181 408 22
1qvr 172 75 20
1qvr 369 166 21
1qvr 276 395 20
1qvr 466 333 21
1qvr 31 363 22
1qvr 204 228 24
1qvr 309 196 24
1qvr 38 205 25
1qvr 83 265 24
1qvr 222 125 25
1qvr 139 144 24
1qvr 380 404 25
1qvr 351 336 26
1qvr 256 300 27
1qvr 298 169 28
1qvr 374 281 29
1qvr 236 284 29
1qvr 119 372 29
1qvr 393 139 27
1qvr 463 369 30
1qvr 184 167 30
1qvr 376 199 30
1qvr 425 323 35
1qvr 61 371 31
1qvr 454 163 31
1qvr 215 235 30
1qvr 281 310 32
1qvr 342 349 36
1qvr 368 50 33
1qvr 229 172 37
1qvr 404 182 35
1qvr 240 232 33
1qvr 381 235 32
1qvr 228 42 33
1qvr 24 68 36
1qvr 236 369 35
1qvr 43 479 34
1qvr 187 220 34
1qvr 172 396 34
1qvr 136 161 34
1qvr 164 269 36
1qvr 58 361 37
1qvr 217 437 38
1qvr 260 452 39
1qvr 184 84 38
1qvr 387 207 39
1qvr 454 364 38
1qvr 362 485 38
1qvr 312 238 38
1qvr 91 347 38
1qvr 313 412 38
1qvr 290 168 39
1qvr 248 341 43
1qvr 250 163 40
1qvr 180 215 41
1qvr 281 315 41
1qvr 359 57 43
1qvr 368 256 43
1qvr 245 402 42
1qvr 284 238 44
1qvr 485 263 43
1qvr 459 372 44
1qvr 372 383 46
1qvr 118 303 44
1qvr 57 335 46
1qvr 143 353 50
1qvr 426 382 44
1qvr 395 52 48
1qvr 287 90 47
1qvr 278 135 47
1qvr 251 170 47
1qvr 315 303 46
1qvr 41 348 47
1qvr 52 239 47
1qvr 107 391 49
1qvr 74 140 57
1qvr 213 288 49
1qvr 135 323 51
1qvr 380 347 51
1qvr 65 420 51
1qvr 443 335 54
1qvr 31 326 54
1qvr 168 305 54
1qvr 121 400 56
1qvr 354 34 57
1qvr 266 87 58
1qvr 218 150 57
1qvr 96 267 57
1qvr 150 149 59
1qvr 464 181 61
1qvr 473 230 56
1qvr 264 452 59
1qvr 177 235 58
1qvr 326 339 59
1qvr 242 373 58
1qvr 197 44 61
1qvr 29 221 58
1qvr 235 353 61
1qvr 165 272 65
1qvr 461 40 61
1qvr 107 323 61
1qvr 197 195 64
1qvr 264 129 65
1qvr 269 314 63
1qvr 145 432 64
1qvr 136 94 67
1qvr 384 451 67
1qvr 58 113 66
1qvr 463 205 67
1qvr 301 280 68
1qvr 354 308 68
1qvr 167 459 67
1qvr 375 96 67
1qvr 400 328 68
1qvr 72 343 69
1qvr 457 143 69
1qvr 202 247 68
1qvr 174 60 70
1qvr 230 357 69
1qvr 341 164 71
1qvr 198 323 71
1qvr 29 384 69
1qvr 436 396 70
1qvr 452 279 71
1qvr 253 310 73
1qvr 217 158 76
1qvr 230 177 72
1qvr 50 261 73
1qvr 372 323 75
1qvr 59 139 78
1qvr 25 154 75
1qvr 130 172 74
1qvr 58 34 75
1qvr 163 106 75
1qvr 175 362 76
1qvr 369 427 76
1qvr 382 38 77
1qvr 289 335 77
1qvr 116 404 77
1qvr 453 29 78
1qvr 118 231 77
1qvr 427 319 79
1qvr 41 97 78
1qvr 398 109 78
1qvr 222 221 79
1qvr 229 139 85
1qvr 164 230 80
1qvr 137 357 81
1qvr 147 385 80
1qvr 153 452 80
1qvr 369 128 81
1qvr 173 172 83
1qvr 308 237 82
1qvr 93 138 85
1qvr 196 161 83
1qvr 193 133 87
1qvr 430 153 86
1qvr 278 368 84
1qvr 301 492 85
1qvr 74 416 85
1qvr 265 363 89
1qvr 341 400 89
1qvr 84 84 88
1qvr 373 95 88
1qvr 436 181 92
1qvr 246 213 89
1qvr 188 234 88
1qvr 228 346 88
1qvr 402 381 88
1qvr 52 467 90
1qvr 410 184 90
1qvr 307 372 92
1qvr 485 194 90
1qvr 97 386 89
1qvr 101 190 91
1qvr 310 330 92
1qvr 335 425 91
1qvr 309 465 92
1qvr 229 67 93
1qvr 382 69 92
1qvr 201 409 93
1qvr 299 153 97
1qvr 411 300 96
1qvr 274 332 93
1qvr 77 361 94
1qvr 165 106 94
1qvr 246 323 96
1qvr 33 470 96
1qvr 148 315 96
1qvr 325 407 98
1qvr 85 147 98
1qvr 428 366 95
1qvr 124 155 99
1qvr 274 156 98
1qvr 397 324 100
1qvr 332 97 98
1qvr 373 163 98
1qvr 40 245 100
1qvr 467 402 100
1qvr 181 129 101
1qvr 343 146 101
1qvr 49 228 98
1qvr 122 311 101
1qvr 406 339 100
1qvr 56 404 99
1qvr 242 353 105
1qvr 71 360 102
1qvr 181 491 103
1qvr 424 215 103
1qvr 324 117 104
1qvr 250 327 105
1qvr 34 140 105
1qvr 134 144 106
1qvr 461 192 107
1qvr 172 197 107
1qvr 52 219 107
1qvr 129 379 106
1qvr 182 85 106
1qvr 397 265 106
1qvr 249 190 109
1qvr 358 434 108
1qvr 404 33 112
1qvr 356 182 111
1qvr 88 262 110
1qvr 460 260 112
1qvr 408 303 109
1qvr 160 316 109
1qvr 99 357 112
1qvr 400 326 110
1qvr 79 379 112
1qvr 406 453 110
1qvr 56 323 111
1qvr 44 375 113
1qvr 197 397 111
1qvr 259 212 113
1qvr 171 227 112
1qvr 260 482 112
1qvr 100 163 113
1qvr 34 142 115
1qvr 214 263 117
1qvr 82 324 114
1qvr 72 454 115
1qvr 256 357 117
1qvr 133 446 116
1qvr 378 216 118
1qvr 358 50 117
1qvr 378 381 118
1qvr 227 422 118
1qvr 223 107 118
1qvr 354 123 119
1qvr 49 232 120
1qvr 97 303 120
1qvr 357 464 118
1qvr 77 21 121
1qvr 384 400 119
1qvr 170 180 121
1qvr 83 148 122
1qvr 298 119 124
1qvr 67 324 126
1qvr 46 335 125
1qvr 186 335 126
1qvr 396 396 130
1qvr 73 491 124
1qvr 342 298 126
1qvr 57 309 127
1qvr 78 444 126
1qvr 412 131 126
1qvr 482 355 127
1qvr 268 439 126
1qvr 231 363 127
1qvr 137 365 127
1qvr 436 369 128
1qvr 39 461 130
1qvr 169 315 130
1qvr 198 365 130
1qvr 180 291 129
1qvr 28 390 131
1qvr 240 72 132
1qvr 97 173 130
1qvr 67 123 135
1qvr 229 400 132
1qvr 195 43 135
1qvr 411 180 133
1qvr 278 192 133
1qvr 74 377 137
1qvr 142 60 138
1qvr 411 367 137
1qvr 483 373 136
1qvr 237 266 136
1qvr 201 293 140
1qvr 188 387 136
1qvr 38 267 137
1qvr 164 354 137
1qvr 410 153 143
1qvr 429 196 138
1qvr 374 319 139
1qvr 41 316 141
1qvr 110 157 142
1qvr 176 168 142
1qvr 46 343 141
1qvr 96 337 140
1qvr 275 288 143
1qvr 168 374 144
1qvr 281 397 142
1qvr 49 66 144
1qvr 244 195 143
1qvr 43 230 146
1qvr 220 312 145
1qvr 392 415 143
1qvr 264 160 144
1qvr 108 309 145
1qvr 61 387 148
1qvr 311 163 149
1qvr 26 182 145
1qvr 340 250 146
1qvr 384 61 148
1qvr 266 232 147
1qvr 131 308 148
1qvr 31 85 150
1qvr 303 137 152
1qvr 411 340 149
1qvr 389 344 150
1qvr 98 386 148
1qvr 388 395 149
1qvr 116 153 151
1qvr 330 174 149
1qvr 102 26 151
1qvr 405 162 156
1qvr 217 415 153
1qvr 423 121 152
1qvr 397 291 153
1qvr 148 105 155
1qvr 485 179 155
1qvr 74 190 154
1qvr 262 86 154
1qvr 362 155 156
1qvr 204 217 154
1qvr 297 260 155
1qvr 367 94 155
1qvr 458 412 155
1qvr 449 68 160
1qvr 459 252 156
1qvr 73 332 158
1qvr 135 385 156
1qvr 117 433 156
1qvr 471 349 158
1qvr 258 232 158
1qvr 279 275 159
1qvr 131 324 162
1qvr 163 478 159
1qvr 478 321 160
1qvr 313 322 159
1qvr 105 108 162
1qvr 214 164 164
1qvr 340 288 162
1qvr 102 353 163
1qvr 294 449 161
1qvr 415 78 161
1qvr 23 107 161
1qvr 386 108 162
1qvr 165 205 161
1qvr 358 206 162
1qvr 75 217 162
1qvr 388 398 161
1qvr 240 420 163
1qvr 258 184 163
1qvr 462 243 163
1qvr 383 133 164
1qvr 136 356 165
1qvr 304 141 163
1qvr 290 289 164
1qvr 399 308 168
1qvr 57 126 166
1qvr 206 294 168
1qvr 245 358 166
1qvr 59 372 168
1qvr 210 360 166
1qvr 293 223 168
1qvr 413 347 170
1qvr 471 154 169
1qvr 334 332 169
1qvr 108 380 168
1qvr 419 392 169
1qvr 162 409 170
1qvr 82 485 171
1qvr 40 348 172
1qvr 363 93 171
1qvr 276 96 172
1qvr 171 148 172
1qvr 307 181 171
1qvr 250 330 174
1qvr 384 95 174
1qvr 58 306 171
1qvr 340 348 176
1qvr 277 350 173
1qvr 318 426 174
1qvr 159 171 176
1qvr 470 348 173
1qvr 167 438 174
1qvr 325 244 176
1qvr 163 82 180
1qvr 164 240 177
1qvr 70 372 177
1qvr 126 92 178
1qvr 66 262 178
1qvr 118 261 181
1qvr 21 309 181
1qvr 414 159 183
1qvr 373 394 181
1qvr 211 339 182
1qvr 186 123 184
1qvr 326 133 184
1qvr 196 280 185
1qvr 118 301 185
1qvr 262 125 186
1qvr 453 154 190
1qvr 270 167 185
1qvr 292 331 187
1qvr 404 86 186
1qvr 452 335 187
1qvr 70 342 186
1qvr 263 354 185
1qvr 363 96 188
1qvr 363 212 186
1qvr 350 77 188
1qvr 58 73 188
1qvr 335 93 188
1qvr 306 141 189
1qvr 86 153 187
1qvr 306 313 188
1qvr 187 167 189
1qvr 155 98 190
1qvr 47 109 190
1qvr 248 346 191
1qvr 484 358 191
1qvr 411 206 191
1qvr 90 229 193
1qvr 470 230 192
1qvr 75 313 194
1qvr 170 472 192
1qvr 243 58 195
1qvr 274 147 194
1qvr 120 326 196
1qvr 358 365 196
1qvr 345 462 193
1qvr 19 324 195
1qvr 38 325 195
1qvr 262 163 196
1qvr 197 219 197
1qvr 191 355 196
1qvr 130 371 197
1qvr 455 364 198
1qvr 434 370 197
1qvr 363 52 198
1qvr 232 331 198
1qvr 166 427 197
1qvr 47 131 198
1qvr 385 167 198
3h84 273 161 1
3h84 83 125 8
3h84 269 363 16
3h84 284 324 19
3h84 260 252 21
3h84 25 388 20
3h84 445 141 22
3h84 296 170 25
3h84 29 364 22
3h84 27 461 24
3h84 419 373 27
3h84 184 265 28
3h84 381 235 31
3h84 285 433 34
3h84 395 477 37
3h84 365 84 41
3h84 285 238 44
3h84 340 85 46
3h84 217 357 46
3h84 18 404 45
3h84 279 188 53
3h84 264 453 60
3h84 364 492 59
3h84 296 360 61
3h84 196 381 62
3h84 294 276 66
3h84 56 349 70
3h84 187 396 70
3h84 462 205 75
3h84 346 492 75
3h84 193 299 78
3h84 292 354 79
3h84 229 140 81
3h84 211 339 81
3h84 261 236 83
3h84 52 470 87
3h84 22 322 89
3h84 252 76 91
3h84 297 340 92
3h84 100 77 94
3h84 54 276 94
3h84 470 172 97
3h84 413 406 95
3h84 314 78 102
3h84 29 139 102
3h84 287 495 107
3h84 357 357 111
3h84 231 68 111
3h84 469 320 114
3h84 155 381 116
3h84 74 379 116
3h84 300 436 117
3h84 251 369 121
3h84 492 458 121
3h84 380 340 122
3h84 283 60 125
3h84 427 262 128
3h84 214 474 129
3h84 25 391 132
3h84 469 76 133
3h84 208 140 133
3h84 308 436 134
3h84 300 70 137
3h84 441 404 141
3h84 113 114 142
3h84 347 387 142
3h84 245 269 145
3h84 465 316 146
3h84 141 383 148
3h84 19 402 149
3h84 215 413 149
3h84 491 422 149
3h84 195 189 155
3h84 294 140 156
3h84 372 484 162
3h84 200 19 160
3h84 34 476 160
3h84 42 414 166
3h84 243 460 168
3h84 324 140 169
3h84 68 198 170
3h84 61 419 171
3h84 252 73 174
3h84 381 92 177
3h84 42 276 177
3h84 393 291 177
3h84 250 60 180
3h84 289 372 179
3h84 212 380 178
3h84 298 378 180
3h84 313 110 181
3h84 33 98 183
3h84 348 76 190
3h84 354 404 190
3h84 24 84 194
3h84 333 370 196
2cg9 258 47 4
2cg9 44 18 9
2cg9 27 483 7
2cg9 27 509 7
2cg9 309 19 12
2cg9 58 23 11
2cg9 108 52 12
2cg9 332 497 13
2cg9 27 340 12
2cg9 299 65 14
2cg9 284 482 14
2cg9 492 62 16
2cg9 76 37 17
2cg9 33 20 17
2cg9 187 295 18
2cg9 58 496 17
2cg9 283 17 19
2cg9 283 324 18
2cg9 57 75 20
2cg9 260 253 21
2cg9 10 337 19
2cg9 25 85 20
2cg9 40 306 21
2cg9 200 500 21
2cg9 348 337 23
2cg9 98 120 26
2cg9 306 140 25
2cg9 275 77 27
2cg9 471 498 26
2cg9 205 88 27
2cg9 251 386 29
2cg9 210 49 30
2cg9 479 92 29
2cg9 139 263 32
2cg9 259 478 29
2cg9 484 62 31
2cg9 236 286 30
2cg9 340 348 30
2cg9 44 85 33
2cg9 58 250 32
2cg9 317 22 34
2cg9 89 451 36
2cg9 90 368 37
2cg9 114 70 39
2cg9 187 85 37
2cg9 271 307 40
2cg9 157 19 41
2cg9 52 95 45
2cg9 203 483 42
2cg9 221 464 45
2cg9 285 241 44
2cg9 60 343 44
2cg9 289 92 47
2cg9 376 307 47
2cg9 267 453 50
2cg9 267 31 48
2cg9 12 163 48
2cg9 27 360 46
2cg9 283 482 48
2cg9 479 37 49
2cg9 203 178 50
2cg9 187 300 49
2cg9 143 355 49
2cg9 203 484 53
2cg9 72 72 50
2cg9 440 483 51
2cg9 156 494 50
2cg9 41 509 51
2cg9 248 34 52
2cg9 43 275 53
2cg9 187 404 53
2cg9 31 31 57
2cg9 75 95 53
2cg9 494 36 54
2cg9 219 153 53
2cg9 155 494 57
2cg9 26 82 57
2cg9 251 152 59
2cg9 16 304 58
2cg9 171 81 57
2cg9 316 308 59
2cg9 19 337 61
2cg9 466 482 57
2cg9 255 342 60
2cg9 60 499 60
2cg9 276 19 63
2cg9 240 19 65
2cg9 459 243 67
2cg9 43 273 66
2cg9 492 17 69
2cg9 283 302 71
2cg9 19 507 67
2cg9 158 131 70
2cg9 46 229 73
2cg9 297 50 71
2cg9 156 23 74
2cg9 157 104 75
2cg9 346 493 75
2cg9 301 85 77
2cg9 43 328 77
2cg9 20 21 77
2cg9 262 36 77
2cg9 69 485 79
2cg9 45 477 79
2cg9 108 31 80
2cg9 429 32 82
2cg9 44 99 80
2cg9 232 110 84
2cg9 421 275 83
2cg9 264 166 83
2cg9 27 284 83
2cg9 211 340 82
2cg9 25 486 83
2cg9 141 108 84
2cg9 35 58 84
2cg9 303 492 84
2cg9 18 72 85
2cg9 279 277 85
2cg9 203 287 85
2cg9 298 198 89
2cg9 324 301 86
2cg9 163 509 85
2cg9 188 35 88
2cg9 48 302 87
2cg9 13 15 88
2cg9 234 66 88
2cg9 468 342 89
2cg9 219 132 89
2cg9 56 268 92
2cg9 282 483 90
2cg9 295 66 92
2cg9 251 76 96
2cg9 20 415 96
2cg9 189 467 98
2cg9 58 404 96
2cg9 50 23 100
2cg9 93 463 98
2cg9 181 130 101
2cg9 251 398 105
2cg9 181 495 102
2cg9 419 68 102
2cg9 186 19 107
2cg9 287 496 108
2cg9 270 82 107
2cg9 251 296 105
2cg9 61 435 109
2cg9 68 115 107
2cg9 51 495 107
2cg9 397 325 111
2cg9 20 100 110
2cg9 138 144 111
2cg9 258 83 115
2cg9 139 98 112
2cg9 155 104 112
2cg9 477 165 112
2cg9 12 501 112
2cg9 90 49 113
2cg9 276 82 115
2cg9 61 133 113
2cg9 269 309 115
2cg9 291 306 114
2cg9 50 276 120
2cg9 322 308 118
2cg9 60 82 118
2cg9 411 275 118
2cg9 444 287 120
2cg9 27 48 120
2cg9 199 82 121
2cg9 186 257 121
2cg9 123 243 123
2cg9 314 38 122
2cg9 364 274 123
2cg9 292 351 122
2cg9 104 81 123
2cg9 45 334 124
2cg9 388 80 123
2cg9 187 337 127
2cg9 53 55 125
2cg9 283 61 128
2cg9 452 92 125
2cg9 256 160 126
2cg9 214 475 128
2cg9 186 499 125
2cg9 313 497 127
2cg9 252 26 128
2cg9 297 66 129
2cg9 240 72 131
2cg9 43 163 129
2cg9 208 140 132
2cg9 39 270 136
2cg9 75 274 132
2cg9 39 132 137
2cg9 26 15 136
2cg9 435 291 135
2cg9 188 387 136
2cg9 252 478 135
2cg9 66 288 139
2cg9 219 311 141
2cg9 66 466 139
2cg9 461 504 140
2cg9 113 115 141
2cg9 61 321 140
2cg9 123 290 141
2cg9 476 354 141
2cg9 170 306 153
2cg9 275 288 144
2cg9 92 293 145
2cg9 139 152 145
2cg9 220 36 146
2cg9 154 210 147
2cg9 92 356 148
2cg9 19 402 149
2cg9 11 492 148
2cg9 331 69 150
2cg9 371 115 150
2cg9 156 309 150
2cg9 131 32 151
2cg9 493 485 153
2cg9 62 487 154
2cg9 29 288 154
2cg9 284 70 155
2cg9 364 340 154
2cg9 158 480 157
2cg9 12 141 156
2cg9 204 163 156
2cg9 44 262 158
2cg9 251 54 158
2cg9 157 129 161
2cg9 23 128 158
2cg9 201 20 160
2cg9 412 55 161
2cg9 59 124 160
2cg9 204 114 162
2cg9 281 322 161
2cg9 364 484 162
2cg9 51 146 163
2cg9 252 15 166
2cg9 94 276 164
2cg9 204 354 166
2cg9 81 484 164
2cg9 50 79 164
2cg9 491 307 167
2cg9 19 482 164
2cg9 219 41 167
2cg9 172 329 167
2cg9 59 97 167
2cg9 306 71 170
2cg9 403 306 168
2cg9 89 133 171
2cg9 135 383 170
2cg9 203 384 170
2cg9 82 61 172
2cg9 61 419 171
2cg9 130 484 172
2cg9 212 498 172
2cg9 249 60 178
2cg9 386 99 174
2cg9 255 480 176
2cg9 76 38 177
2cg9 381 92 176
2cg9 299 273 176
2cg9 19 286 176
2cg9 64 496 177
2cg9 221 87 178
2cg9 147 498 178
2cg9 420 80 183
2cg9 450 64 181
2cg9 282 480 181
2cg9 124 483 180
2cg9 395 48 183
2cg9 33 99 182
2cg9 41 304 181
2cg9 210 339 185
2cg9 22 387 186
2cg9 220 401 186
2cg9 202 36 189
2cg9 349 78 189
2cg9 173 324 188
2cg9 11 46 190
2cg9 169 138 192
2cg9 76 298 192
2cg9 24 85 192
2cg9 336 95 192
2cg9 189 356 194
2cg9 24 326 195
2cg9 476 145 195
2cg9 125 294 196
2cg9 315 498 197
3qm1 273 160 1
3qm1 327 296 1
3qm1 124 154 4
3qm1 103 211 4
3qm1 400 504 4
3qm1 417 36 6
3qm1 373 172 6
3qm1 58 170 6
3qm1 82 124 8
3qm1 332 145 8
3qm1 154 382 9
3qm1 396 360 10
3qm1 412 55 11
3qm1 241 15 12
3qm1 88 296 12
3qm1 115 493 12
3qm1 459 75 13
3qm1 136 96 14
3qm1 84 355 14
3qm1 472 140 15
3qm1 86 159 14
3qm1 187 296 17
3qm1 283 16 17
3qm1 76 36 16
3qm1 458 107 18
3qm1 493 303 18
3qm1 283 323 19
3qm1 158 249 20
3qm1 144 333 20
3qm1 388 492 20
3qm1 413 227 20
3qm1 421 88 22
3qm1 445 142 23
3qm1 236 419 22
3qm1 308 16 24
3qm1 480 306 24
3qm1 414 131 25
3qm1 110 139 26
3qm1 70 476 25
3qm1 98 120 27
3qm1 185 265 28
3qm1 418 373 27
3qm1 24 196 26
3qm1 53 73 28
3qm1 160 394 28
3qm1 485 62 32
3qm1 184 169 30
3qm1 381 235 31
3qm1 435 259 31
3qm1 64 304 32
3qm1 40 185 34
3qm1 138 262 34
3qm1 118 426 32
3qm1 36 398 37
3qm1 71 426 37
3qm1 91 266 38
3qm1 229 477 38
3qm1 156 18 41
3qm1 365 85 41
3qm1 490 483 40
3qm1 53 95 44
3qm1 76 124 43
3qm1 468 241 43
3qm1 290 92 45
3qm1 18 404 45
3qm1 22 59 45
3qm1 218 357 46
3qm1 391 247 46
3qm1 198 25 48
3qm1 404 143 48
3qm1 212 286 48
3qm1 506 324 49
3qm1 150 443 49
3qm1 434 267 50
3qm1 274 204 51
3qm1 44 426 50
3qm1 456 440 51
3qm1 341 15 52
3qm1 280 189 53
3qm1 187 404 53
3qm1 119 48 55
3qm1 474 56 56
3qm1 64 234 56
3qm1 331 248 57
3qm1 93 264 56
3qm1 494 264 57
3qm1 89 30 57
3qm1 446 76 56
3qm1 138 120 58
3qm1 110 459 58
3qm1 316 41 59
3qm1 479 12 59
3qm1 466 42 61
3qm1 285 199 60
3qm1 250 152 62
3qm1 290 17 63
3qm1 173 32 62
3qm1 418 211 61
3qm1 432 262 62
3qm1 13 229 63
3qm1 88 51 64
3qm1 47 138 64
3qm1 279 315 64
3qm1 399 340 66
3qm1 227 494 65
3qm1 463 205 66
3qm1 295 276 67
3qm1 252 410 68
3qm1 370 42 69
3qm1 18 95 69
3qm1 43 159 69
3qm1 192 190 71
3qm1 470 233 72
3qm1 120 264 71
3qm1 341 104 72
3qm1 463 205 74
3qm1 92 250 72
3qm1 156 104 74
3qm1 116 124 74
3qm1 27 153 74
3qm1 229 444 74
3qm1 461 298 75
3qm1 232 39 77
3qm1 171 45 77
3qm1 37 391 76
3qm1 193 299 79
3qm1 432 388 77
3qm1 220 220 78
3qm1 368 47 81
3qm1 402 116 80
3qm1 131 359 81
3qm1 31 82 81
3qm1 354 99 81
3qm1 260 236 83
3qm1 27 284 83
3qm1 102 39 85
3qm1 69 461 85
3qm1 332 240 86
3qm1 186 56 87
3qm1 477 318 87
3qm1 187 307 88
3qm1 22 322 89
3qm1 82 333 89
3qm1 376 327 90
3qm1 52 104 90
3qm1 79 169 90
3qm1 88 420 90
3qm1 55 276 93
3qm1 100 76 94
3qm1 298 198 93
3qm1 487 260 94
3qm1 412 480 94
3qm1 352 59 96
3qm1 86 144 96
3qm1 478 90 96
3qm1 484 317 97
3qm1 471 172 99
3qm1 119 368 99
3qm1 20 414 99
3qm1 17 36 101
3qm1 314 79 101
3qm1 153 264 101
3qm1 250 75 101
3qm1 108 499 101
3qm1 28 139 102
3qm1 440 84 103
3qm1 18 403 106
3qm1 314 182 105
3qm1 471 307 105
3qm1 193 285 107
3qm1 132 287 107
3qm1 285 496 107
3qm1 232 69 110
3qm1 468 317 111
3qm1 481 384 110
3qm1 434 195 112
3qm1 455 80 113
3qm1 322 260 112
3qm1 319 462 114
3qm1 460 174 114
3qm1 39 53 115
3qm1 155 381 116
3qm1 249 187 116
3qm1 182 218 116
3qm1 200 36 118
3qm1 376 280 118
3qm1 135 339 118
3qm1 220 425 117
3qm1 276 109 120
3qm1 501 300 120
3qm1 251 369 121
3qm1 54 424 122
3qm1 288 257 122
3qm1 379 341 122
3qm1 58 16 123
3qm1 28 173 124
3qm1 78 342 123
3qm1 455 184 125
3qm1 214 410 124
3qm1 396 394 126
3qm1 284 38 126
3qm1 52 55 128
3qm1 468 175 127
3qm1 58 418 128
3qm1 405 128 130
3qm1 398 146 130
3qm1 296 469 130
3qm1 254 120 133
3qm1 439 265 133
3qm1 168 13 134
3qm1 367 123 135
3qm1 229 349 136
3qm1 28 413 137
3qm1 48 23 139
3qm1 177 61 138
3qm1 39 252 138
3qm1 66 466 139
3qm1 198 329 139
3qm1 269 313 140
3qm1 114 159 140
3qm1 467 178 141
3qm1 160 388 141
3qm1 347 388 142
3qm1 30 347 141
3qm1 126 82 143
3qm1 139 152 144
3qm1 423 122 146
3qm1 245 269 145
3qm1 346 287 145
3qm1 366 433 146
3qm1 104 46 148
3qm1 312 75 147
3qm1 140 383 148
3qm1 19 401 149
3qm1 40 442 148
3qm1 470 274 149
3qm1 444 469 149
3qm1 185 21 151
3qm1 168 70 152
3qm1 12 456 151
3qm1 58 284 152
3qm1 418 422 152
3qm1 391 94 153
3qm1 481 120 153
3qm1 403 287 155
3qm1 311 17 155
3qm1 488 215 155
3qm1 39 58 156
3qm1 384 38 158
3qm1 251 55 157
3qm1 23 127 157
3qm1 201 20 160
3qm1 412 54 158
3qm1 236 356 158
3qm1 456 342 160
3qm1 292 357 160
3qm1 188 465 160
3qm1 372 484 161
3qm1 484 25 163
3qm1 356 452 163
3qm1 93 98 165
3qm1 454 299 164
3qm1 336 93 166
3qm1 44 191 165
3qm1 328 276 166
3qm1 468 430 166
3qm1 438 154 167
3qm1 324 140 169
3qm1 243 461 168
3qm1 210 106 169
3qm1 264 148 169
3qm1 68 198 169
3qm1 367 178 170
3qm1 62 499 171
3qm1 56 216 173
3qm1 60 418 172
3qm1 480 56 172
3qm1 252 72 174
3qm1 386 99 175
3qm1 436 187 173
3qm1 10 376 173
3qm1 168 410 173
3qm1 381 92 176
3qm1 384 133 175
3qm1 384 494 175
3qm1 392 67 177
3qm1 202 228 177
3qm1 41 277 176
3qm1 166 153 177
3qm1 289 373 178
3qm1 68 473 178
3qm1 23 344 180
3qm1 132 58 180
3qm1 249 60 180
3qm1 471 24 182
3qm1 32 98 183
3qm1 437 306 184
3qm1 460 79 184
3qm1 434 379 185
3qm1 317 128 186
3qm1 306 139 186
3qm1 349 77 189
3qm1 192 273 187
3qm1 21 386 187
3qm1 80 96 189
3qm1 354 404 190
3qm1 505 296 193
3qm1 279 426 192
3qm1 24 84 194
3qm1 339 253 195
3qm1 495 293 195
3qm1 343 436 196
3qm1 264 164 198
3qm1 424 185 198
3qm1 44 131 199
3qm1 381 166 199
3gl1 327 296 1
3gl1 493 356 0
3gl1 239 315 2
3gl1 125 153 4
3gl1 258 298 7
3gl1 399 379 8
3gl1 309 18 11
3gl1 413 55 11
3gl1 344 163 14
3gl1 328 11 15
3gl1 126 221 15
3gl1 265 458 14
3gl1 473 140 15
3gl1 61 450 16
3gl1 283 17 18
3gl1 459 107 18
3gl1 284 324 18
3gl1 143 333 18
3gl1 296 170 20
3gl1 159 249 21
3gl1 445 141 22
3gl1 314 154 22
3gl1 419 167 21
3gl1 421 89 23
3gl1 315 299 25
3gl1 414 131 26
3gl1 297 171 26
3gl1 184 265 28
3gl1 164 455 29
3gl1 205 90 29
3gl1 480 91 29
3gl1 183 170 30
3gl1 228 42 32
3gl1 311 224 34
3gl1 138 263 34
3gl1 40 186 34
3gl1 265 43 35
3gl1 71 426 37
3gl1 91 266 38
3gl1 296 123 39
3gl1 365 85 41
3gl1 490 482 40
3gl1 232 43 41
3gl1 219 330 42
3gl1 471 142 43
3gl1 182 250 42
3gl1 416 346 44
3gl1 217 358 46
3gl1 426 459 46
3gl1 405 144 48
3gl1 341 17 52
3gl1 324 28 50
3gl1 413 25 51
3gl1 72 74 50
3gl1 248 34 52
3gl1 456 441 52
3gl1 280 189 53
3gl1 73 139 54
3gl1 448 42 54
3gl1 63 234 56
3gl1 493 265 57
3gl1 268 454 56
3gl1 332 248 57
3gl1 110 458 58
3gl1 317 41 58
3gl1 479 12 59
3gl1 296 360 61
3gl1 390 474 60
3gl1 249 153 61
3gl1 419 210 64
3gl1 13 228 64
3gl1 87 490 63
3gl1 285 192 65
3gl1 313 251 65
3gl1 279 315 64
3gl1 294 132 66
3gl1 295 277 66
3gl1 462 206 73
3gl1 6 234 67
3gl1 370 42 70
3gl1 56 348 69
3gl1 470 234 71
3gl1 72 346 70
3gl1 93 250 72
3gl1 46 230 74
3gl1 447 280 73
3gl1 258 312 73
3gl1 461 298 75
3gl1 306 442 76
3gl1 432 492 75
3gl1 346 493 75
3gl1 232 40 77
3gl1 49 347 77
3gl1 194 299 78
3gl1 293 354 79
3gl1 491 362 80
3gl1 421 274 82
3gl1 339 395 82
3gl1 279 277 84
3gl1 509 439 83
3gl1 492 458 84
3gl1 473 26 84
3gl1 101 40 86
3gl1 325 302 85
3gl1 370 458 85
3gl1 232 107 86
3gl1 24 489 87
3gl1 22 322 90
3gl1 169 122 89
3gl1 343 172 89
3gl1 316 447 89
3gl1 375 328 90
3gl1 252 76 91
3gl1 294 66 93
3gl1 298 200 92
3gl1 471 173 96
3gl1 311 309 93
3gl1 479 90 95
3gl1 216 106 96
3gl1 342 171 99
3gl1 244 147 100
3gl1 419 68 102
3gl1 250 74 102
3gl1 412 19 104
3gl1 314 184 105
3gl1 472 308 105
3gl1 324 226 107
3gl1 184 394 106
3gl1 457 42 109
3gl1 485 18 110
3gl1 372 454 109
3gl1 232 69 110
3gl1 153 58 114
3gl1 259 87 113
3gl1 440 316 113
3gl1 319 462 113
3gl1 381 99 114
3gl1 248 186 116
3gl1 93 362 116
3gl1 480 372 115
3gl1 200 37 118
3gl1 376 219 118
3gl1 73 378 117
3gl1 321 407 117
3gl1 375 280 118
3gl1 146 90 120
3gl1 251 370 121
3gl1 54 425 122
3gl1 428 450 120
3gl1 201 171 122
3gl1 492 458 121
3gl1 77 343 123
3gl1 455 185 125
3gl1 184 338 124
3gl1 214 475 127
3gl1 297 122 125
3gl1 452 91 126
3gl1 232 363 126
3gl1 397 394 126
3gl1 52 56 127
3gl1 297 66 130
3gl1 208 234 129
3gl1 228 282 129
3gl1 125 298 130
3gl1 239 70 131
3gl1 328 3 132
3gl1 208 139 132
3gl1 279 248 133
3gl1 438 265 133
3gl1 168 12 134
3gl1 252 477 135
3gl1 493 74 137
3gl1 323 226 137
3gl1 280 201 137
3gl1 219 194 138
3gl1 39 252 138
3gl1 66 466 139
3gl1 47 24 139
3gl1 269 314 140
3gl1 198 330 140
3gl1 347 388 142
3gl1 197 58 142
3gl1 189 450 142
3gl1 424 122 145
3gl1 138 152 144
3gl1 312 75 147
3gl1 19 402 149
3gl1 458 234 149
3gl1 215 413 149
3gl1 493 425 149
3gl1 40 442 148
3gl1 168 71 151
3gl1 244 201 151
3gl1 247 267 152
3gl1 312 19 154
3gl1 488 216 155
3gl1 404 450 154
3gl1 264 90 156
3gl1 295 140 157
3gl1 39 58 157
3gl1 383 38 159
3gl1 252 56 157
3gl1 24 128 158
3gl1 316 250 159
3gl1 201 19 161
3gl1 457 342 160
3gl1 356 452 162
3gl1 372 482 163
3gl1 337 92 166
3gl1 454 299 165
3gl1 412 459 165
3gl1 468 27 166
3gl1 296 222 166
3gl1 438 154 168
3gl1 243 461 168
3gl1 264 148 168
3gl1 211 107 170
3gl1 324 140 169
3gl1 68 198 170
3gl1 368 178 171
3gl1 498 348 171
3gl1 61 418 171
3gl1 55 217 172
3gl1 253 73 174
3gl1 387 98 173
3gl1 381 92 176
3gl1 69 473 175
3gl1 462 73 176
3gl1 195 392 177
3gl1 288 372 178
3gl1 211 380 178
3gl1 298 379 179
3gl1 253 481 178
3gl1 249 60 180
3gl1 312 112 181
3gl1 471 25 182
3gl1 33 98 182
3gl1 437 306 184
3gl1 435 379 184
3gl1 460 251 186
3gl1 22 387 186
3gl1 368 243 189
3gl1 349 77 190
3gl1 301 120 190
3gl1 279 427 192
3gl1 24 84 194
3gl1 488 362 192
3gl1 190 26 194
3gl1 494 293 196
3gl1 356 362 195
3gl1 333 370 196
3gl1 424 185 198
3d2f 376 171 3
3d2f 501 211 3
3d2f 332 145 9
3d2f 59 23 11
3d2f 110 52 11
3d2f 413 55 11
3d2f 89 296 12
3d2f 344 163 14
3d2f 87 159 15
3d2f 129 220 15
3d2f 283 17 18
3d2f 459 107 18
3d2f 494 304 18
3d2f 159 249 21
3d2f 419 167 21
3d2f 76 393 23
3d2f 421 88 23
3d2f 414 131 25
3d2f 99 120 27
3d2f 419 373 27
3d2f 480 91 29
3d2f 301 169 28
3d2f 185 265 28
3d2f 163 454 29
3d2f 115 453 31
3d2f 139 262 33
3d2f 364 213 37
3d2f 71 427 37
3d2f 189 220 37
3d2f 91 265 39
3d2f 83 207 41
3d2f 160 16 41
3d2f 492 230 41
3d2f 53 96 45
3d2f 203 392 46
3d2f 406 144 48
3d2f 342 16 52
3d2f 248 33 52
3d2f 457 440 53
3d2f 267 454 55
3d2f 251 152 60
3d2f 332 248 57
3d2f 494 264 57
3d2f 111 458 58
3d2f 388 179 64
3d2f 127 192 63
3d2f 286 192 64
3d2f 419 210 65
3d2f 493 16 68
3d2f 115 39 69
3d2f 463 206 73
3d2f 370 42 69
3d2f 443 198 69
3d2f 419 208 72
3d2f 46 229 74
3d2f 470 234 71
3d2f 157 23 72
3d2f 449 279 72
3d2f 158 105 75
3d2f 462 298 76
3d2f 421 275 81
3d2f 102 39 86
3d2f 70 330 85
3d2f 70 462 84
3d2f 100 469 88
3d2f 298 199 92
3d2f 471 174 96
3d2f 141 212 93
3d2f 56 272 92
3d2f 310 310 94
3d2f 476 433 97
3d2f 50 24 102
3d2f 419 68 102
3d2f 412 20 105
3d2f 315 182 104
3d2f 188 392 106
3d2f 324 228 107
3d2f 372 455 109
3d2f 485 17 110
3d2f 155 104 112
3d2f 320 462 114
3d2f 400 322 114
3d2f 156 382 115
3d2f 200 37 117
3d2f 94 362 117
3d2f 54 424 121
3d2f 315 38 122
3d2f 202 172 123
3d2f 123 243 123
3d2f 408 217 122
3d2f 78 342 123
3d2f 457 186 125
3d2f 283 61 128
3d2f 213 474 129
3d2f 52 55 127
3d2f 406 129 130
3d2f 452 15 133
3d2f 91 245 130
3d2f 48 23 139
3d2f 67 465 138
3d2f 487 208 139
3d2f 199 329 141
3d2f 190 451 142
3d2f 424 122 145
3d2f 139 152 145
3d2f 141 383 149
3d2f 19 401 149
3d2f 492 423 149
3d2f 195 18 153
3d2f 489 216 155
3d2f 383 37 159
3d2f 412 55 161
3d2f 201 19 160
3d2f 500 47 161
3d2f 101 246 164
3d2f 405 248 166
3d2f 438 154 167
3d2f 468 62 168
3d2f 467 262 168
3d2f 243 461 168
3d2f 181 420 169
3d2f 69 198 170
3d2f 61 419 171
3d2f 56 216 172
3d2f 384 95 175
3d2f 437 187 172
3d2f 340 240 174
3d2f 453 37 175
3d2f 76 39 176
3d2f 106 198 176
3d2f 69 473 177
3d2f 298 378 179
3d2f 250 60 181
3d2f 438 307 183
3d2f 298 168 186
3d2f 460 251 186
3d2f 21 387 186
3d2f 369 243 189
3d2f 278 426 192
3d2f 499 294 195
3d2f 126 294 196
3d2f 333 370 196
4d8q 353 31 19
4d8q 467 339 19
4d8q 183 445 18
4d8q 35 305 21
4d8q 217 205 21
4d8q 409 224 20
4d8q 273 425 22
4d8q 471 416 23
4d8q 146 452 24
4d8q 449 392 25
4d8q 136 239 26
4d8q 259 139 28
4d8q 68 320 28
4d8q 175 332 28
4d8q 436 342 29
4d8q 255 382 29
4d8q 92 72 32
4d8q 175 395 32
4d8q 271 354 35
4d8q 297 362 34
4d8q 265 119 36
4d8q 427 232 36
4d8q 347 270 37
4d8q 270 43 39
4d8q 55 406 39
4d8q 379 70 41
4d8q 22 282 41
4d8q 111 163 43
4d8q 196 284 43
4d8q 217 112 43
4d8q 346 245 43
4d8q 308 208 44
4d8q 59 337 45
4d8q 162 293 46
4d8q 286 88 47
4d8q 328 30 50
4d8q 283 277 48
4d8q 127 19 51
4d8q 349 211 49
4d8q 42 204 52
4d8q 285 349 52
4d8q 162 397 54
4d8q 168 83 55
4d8q 329 218 55
4d8q 143 298 55
4d8q 399 95 57
4d8q 64 464 57
4d8q 59 492 57
4d8q 40 100 60
4d8q 203 359 61
4d8q 373 103 62
4d8q 474 266 65
4d8q 235 52 66
4d8q 406 140 67
4d8q 361 214 67
4d8q 461 70 68
4d8q 396 231 68
4d8q 388 256 68
4d8q 488 372 66
4d8q 73 203 71
4d8q 280 300 71
4d8q 473 347 71
4d8q 266 374 71
4d8q 342 223 72
4d8q 441 363 74
4d8q 427 83 75
4d8q 231 296 75
4d8q 157 28 76
4d8q 114 404 77
4d8q 123 487 77
4d8q 369 485 81
4d8q 398 113 81
4d8q 323 151 82
4d8q 212 256 85
4d8q 157 229 86
4d8q 308 237 85
4d8q 102 295 87
4d8q 418 362 87
4d8q 98 386 86
4d8q 338 170 89
4d8q 229 178 89
4d8q 473 37 90
4d8q 308 106 90
4d8q 64 154 91
4d8q 121 42 93
4d8q 333 430 92
4d8q 279 480 91
4d8q 192 467 94
4d8q 339 41 98
4d8q 370 430 98
4d8q 179 453 98
4d8q 136 128 98
4d8q 485 487 99
4d8q 273 264 102
4d8q 152 379 101
4d8q 465 193 106
4d8q 58 327 106
4d8q 238 487 106
4d8q 271 82 109
4d8q 387 141 110
4d8q 32 144 110
4d8q 106 272 110
4d8q 404 447 110
4d8q 174 348 115
4d8q 462 470 113
4d8q 215 152 113
4d8q 436 318 112
4d8q 218 184 115
4d8q 318 258 115
4d8q 260 448 114
4d8q 135 448 115
4d8q 479 169 116
4d8q 310 321 115
4d8q 455 369 117
4d8q 356 48 118
4d8q 487 104 117
4d8q 63 76 119
4d8q 114 344 119
4d8q 425 40 120
4d8q 359 464 122
4d8q 290 356 122
4d8q 26 264 122
4d8q 356 416 123
4d8q 297 271 126
4d8q 308 343 124
4d8q 330 177 126
4d8q 184 461 125
4d8q 376 27 129
4d8q 304 174 129
4d8q 273 443 130
4d8q 180 290 130
4d8q 394 345 131
4d8q 127 440 131
4d8q 64 42 133
4d8q 132 107 134
4d8q 229 401 135
4d8q 163 278 135
4d8q 303 299 135
4d8q 277 37 137
4d8q 457 44 138
4d8q 228 108 140
4d8q 275 249 141
4d8q 261 182 140
4d8q 346 215 140
4d8q 375 446 139
4d8q 189 391 141
4d8q 83 39 141
4d8q 351 176 141
4d8q 297 348 142
4d8q 461 151 144
4d8q 155 206 144
4d8q 324 110 145
4d8q 381 133 144
4d8q 480 47 146
4d8q 162 54 145
4d8q 76 138 148
4d8q 308 392 149
4d8q 150 413 150
4d8q 332 416 151
4d8q 181 45 152
4d8q 289 70 152
4d8q 77 86 153
4d8q 67 489 154
4d8q 381 166 154
4d8q 58 421 155
4d8q 340 141 154
4d8q 205 258 157
4d8q 315 267 158
4d8q 294 362 159
4d8q 343 223 162
4d8q 225 40 164
4d8q 281 43 164
4d8q 450 207 163
4d8q 426 185 168
4d8q 388 195 168
4d8q 71 263 172
4d8q 213 468 173
4d8q 86 136 173
4d8q 57 305 175
4d8q 122 223 177
4d8q 378 274 176
4d8q 457 39 176
4d8q 185 123 179
4d8q 476 126 180
4d8q 30 373 179
4d8q 302 254 181
4d8q 429 88 181
1bxn 288 301 13
1bxn 110 343 12
1bxn 491 91 15
1bxn 34 139 15
1bxn 124 275 15
1bxn 167 165 16
1bxn 173 76 17
1bxn 442 232 16
1bxn 465 236 18
1bxn 430 255 16
1bxn 31 363 19
1bxn 325 403 17
1bxn 61 447 19
1bxn 191 468 20
1bxn 469 279 21
1bxn 321 365 19
1bxn 424 446 20
1bxn 217 153 22
1bxn 259 255 24
1bxn 287 44 23
1bxn 335 303 22
1bxn 128 374 23
1bxn 231 401 23
1bxn 411 56 24
1bxn 396 136 24
1bxn 372 165 24
1bxn 197 313 24
1bxn 305 140 25
1bxn 299 169 25
1bxn 429 184 25
1bxn 350 338 25
1bxn 205 118 27
1bxn 294 486 28
1bxn 479 199 27
1bxn 380 405 28
1bxn 209 51 29
1bxn 138 163 30
1bxn 489 426 29
1bxn 260 478 29
1bxn 473 496 29
1bxn 236 285 30
1bxn 100 392 30
1bxn 369 49 33
1bxn 340 349 32
1bxn 287 433 32
1bxn 427 322 33
1bxn 79 147 37
1bxn 478 169 36
1bxn 259 453 37
1bxn 390 53 38
1bxn 187 86 37
1bxn 88 125 37
1bxn 173 457 40
1bxn 72 17 43
1bxn 424 288 43
1bxn 138 137 44
1bxn 372 383 46
1bxn 481 383 45
1bxn 359 425 46
1bxn 278 135 46
1bxn 145 355 47
1bxn 402 365 45
1bxn 443 408 47
1bxn 305 425 50
1bxn 365 441 50
1bxn 493 121 53
1bxn 123 134 50
1bxn 85 236 51
1bxn 217 85 53
1bxn 324 466 53
1bxn 156 493 53
1bxn 74 138 54
1bxn 213 220 52
1bxn 299 253 53
1bxn 245 281 53
1bxn 494 38 55
1bxn 107 90 56
1bxn 283 453 55
1bxn 51 445 59
1bxn 348 32 58
1bxn 403 34 57
1bxn 213 103 60
1bxn 253 341 61
1bxn 482 465 60
1bxn 316 479 59
1bxn 488 144 61
1bxn 177 237 60
1bxn 19 339 61
1bxn 140 90 62
1bxn 373 413 64
1bxn 224 260 65
1bxn 491 276 64
1bxn 150 348 65
1bxn 470 286 66
1bxn 456 313 65
1bxn 214 23 67
1bxn 173 57 67
1bxn 442 110 67
1bxn 129 437 67
1bxn 272 70 71
1bxn 302 165 70
1bxn 353 392 72
1bxn 37 201 71
1bxn 342 266 70
1bxn 450 280 72
1bxn 72 342 72
1bxn 260 36 74
1bxn 67 385 75
1bxn 301 462 75
1bxn 492 16 73
1bxn 229 444 75
1bxn 209 54 77
1bxn 497 68 78
1bxn 254 328 78
1bxn 429 319 79
1bxn 220 225 82
1bxn 469 441 79
1bxn 233 108 82
1bxn 395 473 85
1bxn 49 72 83
1bxn 291 227 83
1bxn 361 339 82
1bxn 74 413 82
1bxn 303 492 84
1bxn 479 128 84
1bxn 154 452 83
1bxn 33 58 85
1bxn 258 106 85
1bxn 369 174 85
1bxn 134 62 86
1bxn 193 133 88
1bxn 83 185 88
1bxn 171 212 88
1bxn 47 410 88
1bxn 13 106 90
1bxn 465 157 89
1bxn 465 254 91
1bxn 92 311 90
1bxn 467 344 89
1bxn 451 485 91
1bxn 27 24 92
1bxn 163 257 92
1bxn 397 287 94
1bxn 271 335 93
1bxn 196 365 92
1bxn 310 466 93
1bxn 382 68 93
1bxn 94 105 94
1bxn 176 46 96
1bxn 45 226 95
1bxn 36 472 96
1bxn 123 156 99
1bxn 55 201 99
1bxn 350 62 99
1bxn 85 149 98
1bxn 489 102 99
1bxn 182 129 100
1bxn 109 448 101
1bxn 105 21 103
1bxn 451 168 102
1bxn 403 202 102
1bxn 251 399 103
1bxn 254 425 103
1bxn 395 484 103
1bxn 461 98 104
1bxn 15 401 105
1bxn 181 493 104
1bxn 286 496 107
1bxn 488 15 107
1bxn 69 116 108
1bxn 398 325 107
1bxn 29 431 109
1bxn 136 145 108
1bxn 470 321 111
1bxn 489 85 111
1bxn 356 182 110
1bxn 478 166 111
1bxn 248 189 112
1bxn 257 19 113
1bxn 404 32 113
1bxn 350 382 114
1bxn 256 357 114
1bxn 73 455 114
1bxn 322 408 116
1bxn 258 251 118
1bxn 372 439 117
1bxn 383 402 117
1bxn 198 82 120
1bxn 187 255 119
1bxn 138 498 118
1bxn 27 47 120
1bxn 109 452 119
1bxn 261 401 121
1bxn 22 189 123
1bxn 413 481 122
1bxn 157 76 122
1bxn 364 275 123
1bxn 449 493 123
1bxn 272 229 124
1bxn 148 467 126
1bxn 71 488 126
1bxn 465 228 127
1bxn 187 336 127
1bxn 195 101 129
1bxn 449 16 133
1bxn 417 135 130
1bxn 347 148 131
1bxn 228 285 131
1bxn 363 350 131
1bxn 247 39 132
1bxn 97 174 134
1bxn 444 226 132
1bxn 366 498 134
1bxn 36 102 135
1bxn 146 283 135
1bxn 39 300 135
1bxn 256 122 137
1bxn 171 455 139
1bxn 59 87 139
1bxn 206 114 139
1bxn 433 168 141
1bxn 284 397 139
1bxn 443 345 141
1bxn 46 343 141
1bxn 330 175 146
1bxn 292 445 146
1bxn 256 442 148
1bxn 382 62 148
1bxn 340 250 150
1bxn 97 389 147
1bxn 235 82 149
1bxn 114 153 149
1bxn 201 75 151
1bxn 249 267 152
1bxn 241 420 155
1bxn 492 487 155
1bxn 365 280 155
1bxn 263 87 154
1bxn 434 136 155
1bxn 484 181 155
1bxn 251 217 156
1bxn 83 441 157
1bxn 486 146 160
1bxn 76 217 161
1bxn 118 252 162
1bxn 280 274 159
1bxn 258 284 160
1bxn 415 78 160
1bxn 385 110 160
1bxn 339 288 160
1bxn 164 204 162
1bxn 60 236 164
1bxn 113 457 167
1bxn 85 20 168
1bxn 474 380 168
1bxn 306 181 168
1bxn 379 426 168
1bxn 114 19 170
1bxn 19 220 168
1bxn 171 330 170
1bxn 213 498 170
1bxn 472 155 172
1bxn 488 365 173
1bxn 406 40 174
1bxn 157 170 175
1bxn 65 496 175
1bxn 138 144 177
1bxn 234 474 176
1bxn 104 33 178
1bxn 39 120 177
1bxn 16 169 179
1bxn 117 261 179
1bxn 38 220 179
1bxn 311 473 181
1bxn 415 159 182
1bxn 274 163 181
1bxn 149 497 181
1bxn 480 57 183
1bxn 492 237 182
1bxn 220 402 183
1bxn 143 417 185
1bxn 196 280 184
1bxn 442 221 185
1bxn 405 86 187
