1bxn 110 344 13
1bxn 288 301 13
1bxn 490 92 15
1bxn 33 139 15
1bxn 166 164 16
1bxn 441 233 16
1bxn 323 403 18
1bxn 172 76 18
1bxn 429 255 16
1bxn 464 236 19
1bxn 334 303 20
1bxn 31 363 20
1bxn 275 395 20
1bxn 62 447 19
1bxn 320 365 20
1bxn 230 401 22
1bxn 424 445 21
1bxn 191 468 21
1bxn 287 44 23
1bxn 410 55 24
1bxn 217 152 23
1bxn 258 255 23
1bxn 93 282 22
1bxn 127 374 24
1bxn 394 135 25
1bxn 371 164 24
1bxn 197 313 25
1bxn 428 183 26
1bxn 351 338 26
1bxn 304 140 26
1bxn 206 117 27
1bxn 136 162 29
1bxn 379 404 28
1bxn 293 486 28
1bxn 209 50 29
1bxn 487 426 29
1bxn 259 477 29
1bxn 472 495 29
1bxn 98 391 30
1bxn 368 48 33
1bxn 286 433 34
1bxn 78 147 37
1bxn 478 169 37
1bxn 87 125 38
1bxn 258 453 39
1bxn 73 54 40
1bxn 423 288 43
1bxn 72 16 43
1bxn 417 18 41
1bxn 138 136 43
1bxn 372 382 45
1bxn 480 382 45
1bxn 237 98 45
1bxn 276 135 46
1bxn 401 365 45
1bxn 358 424 47
1bxn 144 354 48
1bxn 442 408 47
1bxn 235 448 46
1bxn 455 123 47
1bxn 122 134 50
1bxn 305 425 50
1bxn 365 441 50
1bxn 216 85 52
1bxn 214 219 50
1bxn 86 235 51
1bxn 299 252 52
1bxn 322 465 53
1bxn 300 444 50
1bxn 155 493 53
1bxn 493 121 54
1bxn 283 452 54
1bxn 494 37 55
1bxn 51 445 59
1bxn 253 340 61
1bxn 481 465 60
1bxn 315 482 58
1bxn 213 102 61
1bxn 18 338 61
1bxn 488 143 61
1bxn 373 413 65
1bxn 441 109 66
1bxn 222 260 66
1bxn 489 276 64
1bxn 469 286 66
1bxn 467 325 66
1bxn 149 348 66
1bxn 455 314 66
1bxn 171 57 69
1bxn 302 164 69
1bxn 301 395 69
1bxn 271 70 71
1bxn 36 201 72
1bxn 50 262 72
1bxn 341 268 68
1bxn 71 342 72
1bxn 352 392 71
1bxn 450 280 72
1bxn 260 35 74
1bxn 301 462 74
1bxn 372 322 76
1bxn 66 384 75
1bxn 208 53 77
1bxn 497 68 78
1bxn 254 327 78
1bxn 428 319 78
1bxn 469 440 79
1bxn 232 108 82
1bxn 220 223 81
1bxn 290 226 83
1bxn 360 338 83
1bxn 48 71 83
1bxn 74 414 82
1bxn 302 494 84
1bxn 32 58 85
1bxn 479 128 85
1bxn 257 106 86
1bxn 192 132 88
1bxn 433 154 86
1bxn 171 212 88
1bxn 46 409 88
1bxn 396 473 87
1bxn 81 185 88
1bxn 466 344 89
1bxn 14 104 90
1bxn 463 158 89
1bxn 463 255 90
1bxn 65 309 88
1bxn 92 312 89
1bxn 195 365 92
1bxn 309 465 92
1bxn 449 485 91
1bxn 381 68 92
1bxn 271 336 93
1bxn 27 24 94
1bxn 162 257 93
1bxn 396 287 93
1bxn 94 104 95
1bxn 44 226 96
1bxn 176 46 97
1bxn 350 63 100
1bxn 182 129 100
1bxn 83 147 99
1bxn 123 156 99
1bxn 54 201 99
1bxn 401 202 102
1bxn 397 325 102
1bxn 253 425 103
1bxn 104 19 103
1bxn 250 399 104
1bxn 394 484 104
1bxn 460 97 105
1bxn 15 400 106
1bxn 181 493 105
1bxn 487 14 108
1bxn 69 114 108
1bxn 62 132 108
1bxn 136 145 108
1bxn 98 203 108
1bxn 286 495 107
1bxn 355 182 110
1bxn 159 317 109
1bxn 29 431 109
1bxn 488 84 111
1bxn 469 321 111
1bxn 246 189 112
1bxn 256 19 114
1bxn 349 382 115
1bxn 72 455 115
1bxn 372 438 117
1bxn 257 250 118
1bxn 132 404 116
1bxn 322 409 117
1bxn 110 450 118
1bxn 376 215 119
1bxn 138 497 118
1bxn 25 46 121
1bxn 198 82 120
1bxn 186 255 120
1bxn 260 400 122
1bxn 414 480 122
1bxn 448 494 123
1bxn 21 189 122
1bxn 272 228 124
1bxn 362 275 123
1bxn 147 466 126
1bxn 464 226 127
1bxn 186 337 127
1bxn 195 101 129
1bxn 227 284 130
1bxn 362 350 130
1bxn 246 39 131
1bxn 347 148 131
1bxn 477 122 133
1bxn 450 15 133
1bxn 97 174 134
1bxn 39 300 134
1bxn 145 441 133
1bxn 366 498 134
1bxn 36 102 135
1bxn 126 222 134
1bxn 145 283 135
1bxn 255 122 137
1bxn 58 87 139
1bxn 207 112 140
1bxn 432 168 139
1bxn 171 455 139
1bxn 443 345 141
1bxn 421 34 143
1bxn 291 444 146
1bxn 329 175 146
1bxn 256 442 147
1bxn 114 153 149
1bxn 340 250 149
1bxn 233 82 148
1bxn 472 271 148
1bxn 200 74 150
1bxn 440 263 151
1bxn 204 218 154
1bxn 241 420 154
1bxn 275 474 154
1bxn 492 486 154
1bxn 483 181 155
1bxn 433 136 156
1bxn 365 280 155
1bxn 250 216 156
1bxn 82 441 158
1bxn 415 78 160
1bxn 420 153 159
1bxn 257 284 159
1bxn 385 110 160
1bxn 75 216 161
1bxn 113 493 160
1bxn 485 145 160
1bxn 117 252 162
1bxn 59 237 165
1bxn 112 456 167
1bxn 19 220 167
1bxn 27 262 167
1bxn 473 380 168
1bxn 170 329 170
1bxn 377 426 169
1bxn 213 497 170
1bxn 305 181 170
1bxn 471 155 172
1bxn 487 364 173
1bxn 406 40 174
1bxn 64 496 174
1bxn 156 170 176
1bxn 137 144 177
1bxn 103 33 178
1bxn 38 120 178
1bxn 15 170 180
1bxn 37 220 179
1bxn 116 260 179
1bxn 311 474 180
1bxn 273 162 181
1bxn 491 236 181
1bxn 148 497 181
1bxn 415 158 182
1bxn 290 108 183
1bxn 195 280 185
1bxn 480 57 185
1bxn 404 87 186
1bxn 442 220 185
1bxn 142 416 185
1bxn 252 136 197
