3cf3 87 158 19
3cf3 469 278 20
3cf3 329 328 19
3cf3 379 52 20
3cf3 196 160 20
3cf3 220 307 20
3cf3 111 403 22
3cf3 192 280 20
3cf3 123 417 20
3cf3 284 68 19
3cf3 93 281 22
3cf3 288 345 23
3cf3 221 358 21
3cf3 47 268 23
3cf3 380 94 25
3cf3 37 207 25
3cf3 432 270 24
3cf3 141 316 24
3cf3 194 67 27
3cf3 182 359 27
3cf3 247 46 29
3cf3 335 111 28
3cf3 120 121 28
3cf3 242 453 30
3cf3 333 38 31
3cf3 369 195 28
3cf3 362 257 28
3cf3 440 489 33
3cf3 88 447 34
3cf3 84 484 35
3cf3 452 253 39
3cf3 287 169 40
3cf3 90 309 35
3cf3 314 411 39
3cf3 89 344 38
3cf3 188 374 37
3cf3 168 113 40
3cf3 159 419 39
3cf3 140 37 42
3cf3 336 65 41
3cf3 267 431 41
3cf3 195 28 44
3cf3 339 185 45
3cf3 235 448 46
3cf3 312 134 46
3cf3 180 252 46
3cf3 78 183 45
3cf3 468 295 49
3cf3 305 424 51
3cf3 227 60 48
3cf3 322 55 50
3cf3 218 245 52
3cf3 300 445 50
3cf3 133 257 54
3cf3 420 422 54
3cf3 133 467 52
3cf3 220 176 56
3cf3 212 220 54
3cf3 110 322 56
3cf3 357 382 55
3cf3 155 56 56
3cf3 122 400 57
3cf3 197 42 60
3cf3 416 298 62
3cf3 491 434 61
3cf3 407 176 60
3cf3 187 429 62
3cf3 122 215 61
3cf3 303 58 62
3cf3 236 474 63
3cf3 283 162 65
3cf3 467 325 66
3cf3 171 254 67
3cf3 172 57 69
3cf3 371 66 68
3cf3 231 176 69
3cf3 166 461 69
3cf3 481 70 71
3cf3 387 339 70
3cf3 319 73 70
3cf3 177 95 69
3cf3 50 261 72
3cf3 233 400 71
3cf3 388 409 72
3cf3 216 158 74
3cf3 255 464 72
3cf3 68 479 74
3cf3 461 469 73
3cf3 227 446 72
3cf3 58 138 78
3cf3 171 322 79
3cf3 439 430 79
3cf3 332 369 79
3cf3 286 87 80
3cf3 281 369 84
3cf3 252 429 83
3cf3 136 318 81
3cf3 341 400 85
3cf3 396 472 85
3cf3 201 108 85
3cf3 263 398 85
3cf3 170 346 88
3cf3 264 166 88
3cf3 225 347 85
3cf3 371 191 89
3cf3 66 309 89
3cf3 51 468 90
3cf3 135 62 90
3cf3 179 186 92
3cf3 381 68 91
3cf3 407 183 91
3cf3 344 198 89
3cf3 227 457 92
3cf3 34 471 97
3cf3 405 337 98
3cf3 224 426 97
3cf3 441 51 99
3cf3 487 102 97
3cf3 417 127 98
3cf3 111 448 99
3cf3 119 255 99
3cf3 20 361 101
3cf3 423 56 102
3cf3 242 112 104
3cf3 299 246 104
3cf3 182 86 105
3cf3 160 139 105
3cf3 453 279 108
3cf3 321 94 108
3cf3 98 203 108
3cf3 488 84 111
3cf3 331 49 111
3cf3 138 274 112
3cf3 308 148 115
3cf3 176 474 111
3cf3 135 476 111
3cf3 207 480 113
3cf3 239 39 115
3cf3 258 213 115
3cf3 467 341 116
3cf3 317 489 116
3cf3 52 402 118
3cf3 180 125 119
3cf3 82 147 121
3cf3 478 267 120
3cf3 158 76 124
3cf3 463 400 122
3cf3 78 19 125
3cf3 218 211 123
3cf3 391 175 123
3cf3 71 489 127
3cf3 23 228 128
3cf3 317 363 127
3cf3 482 354 127
3cf3 409 24 130
3cf3 76 276 131
3cf3 463 300 132
3cf3 38 147 134
3cf3 155 170 130
3cf3 209 236 133
3cf3 29 390 132
3cf3 195 44 135
3cf3 269 68 136
3cf3 267 376 136
3cf3 282 167 137
3cf3 62 293 135
3cf3 166 413 137
3cf3 383 106 136
3cf3 164 353 137
3cf3 175 191 140
3cf3 46 374 140
3cf3 78 65 141
3cf3 137 475 141
3cf3 475 349 142
3cf3 79 468 144
3cf3 490 467 145
3cf3 25 183 146
3cf3 271 426 145
3cf3 132 30 147
3cf3 245 32 148
3cf3 61 387 148
3cf3 465 20 148
3cf3 391 26 148
3cf3 61 101 148
3cf3 381 220 152
3cf3 447 379 149
3cf3 457 413 153
3cf3 104 265 152
3cf3 102 23 154
3cf3 437 36 153
3cf3 367 93 155
3cf3 249 125 153
3cf3 73 188 156
3cf3 288 208 154
3cf3 348 321 154
3cf3 227 367 154
3cf3 362 155 157
3cf3 405 162 158
3cf3 141 443 159
3cf3 225 99 159
3cf3 113 493 159
3cf3 396 72 161
3cf3 340 475 159
3cf3 42 239 162
3cf3 334 360 162
3cf3 60 237 165
3cf3 96 354 166
3cf3 116 357 166
3cf3 66 397 166
3cf3 189 289 168
3cf3 110 412 164
3cf3 19 219 168
3cf3 28 262 168
3cf3 417 391 169
3cf3 214 299 169
3cf3 99 477 170
3cf3 81 484 170
3cf3 237 260 171
3cf3 278 352 170
3cf3 180 309 172
3cf3 160 241 174
3cf3 488 441 173
3cf3 353 263 171
3cf3 349 424 174
3cf3 234 474 174
3cf3 69 70 175
3cf3 182 61 175
3cf3 19 290 177
3cf3 361 316 176
3cf3 337 350 177
3cf3 126 92 178
3cf3 127 484 178
3cf3 161 84 179
3cf3 20 309 179
3cf3 60 445 178
3cf3 337 81 177
3cf3 406 110 177
3cf3 373 161 180
3cf3 428 23 179
1s3x 22 173 9
1s3x 171 97 10
1s3x 331 145 10
1s3x 364 443 11
1s3x 413 55 11
1s3x 124 59 12
1s3x 205 473 12
1s3x 448 112 13
1s3x 202 191 13
1s3x 203 279 13
1s3x 88 295 12
1s3x 439 31 14
1s3x 136 96 14
1s3x 227 135 17
1s3x 174 324 16
1s3x 252 458 16
1s3x 248 290 17
1s3x 358 169 18
1s3x 386 313 19
1s3x 356 437 19
1s3x 85 444 18
1s3x 494 303 19
1s3x 296 473 20
1s3x 322 92 21
1s3x 270 99 23
1s3x 478 306 24
1s3x 200 42 24
1s3x 78 70 23
1s3x 56 120 24
1s3x 220 416 24
1s3x 222 68 25
1s3x 95 182 26
1s3x 406 359 26
1s3x 94 487 27
1s3x 18 152 28
1s3x 349 374 29
1s3x 363 23 31
1s3x 64 304 31
1s3x 222 367 34
1s3x 179 179 36
1s3x 439 180 36
1s3x 71 426 37
1s3x 453 199 40
1s3x 222 299 41
1s3x 207 396 40
1s3x 406 121 43
1s3x 75 123 43
1s3x 175 57 44
1s3x 479 152 45
1s3x 137 280 47
1s3x 364 331 47
1s3x 357 281 47
1s3x 433 267 49
1s3x 203 335 48
1s3x 277 70 50
1s3x 233 74 50
1s3x 260 378 48
1s3x 185 265 51
1s3x 34 307 51
1s3x 422 374 52
1s3x 248 33 53
1s3x 175 161 52
1s3x 193 163 51
1s3x 9 397 53
1s3x 397 447 53
1s3x 205 176 54
1s3x 428 230 57
1s3x 64 234 56
1s3x 138 120 58
1s3x 342 370 59
1s3x 88 388 58
1s3x 112 185 60
1s3x 427 173 63
1s3x 445 467 64
1s3x 498 112 66
1s3x 358 269 66
1s3x 273 352 67
1s3x 394 284 67
1s3x 42 158 68
1s3x 207 217 68
1s3x 290 351 68
1s3x 469 399 69
1s3x 42 427 68
1s3x 16 96 69
1s3x 398 357 69
1s3x 50 408 70
1s3x 109 57 71
1s3x 110 145 71
1s3x 238 386 71
1s3x 394 485 73
1s3x 453 141 75
1s3x 381 211 75
1s3x 210 398 75
1s3x 333 69 75
1s3x 432 493 75
1s3x 233 244 76
1s3x 255 418 76
1s3x 306 256 81
1s3x 95 453 82
1s3x 168 236 82
1s3x 313 201 83
1s3x 25 250 84
1s3x 135 25 86
1s3x 489 384 87
1s3x 162 388 88
1s3x 231 364 89
1s3x 375 327 90
1s3x 53 104 90
1s3x 252 305 92
1s3x 205 311 93
1s3x 314 41 94
1s3x 449 82 94
1s3x 479 335 95
1s3x 154 451 94
1s3x 363 92 96
1s3x 177 433 96
1s3x 391 438 97
1s3x 478 90 98
1s3x 107 173 98
1s3x 154 344 99
1s3x 208 147 99
1s3x 299 142 102
1s3x 211 166 102
1s3x 374 66 102
1s3x 344 133 103
1s3x 471 307 104
1s3x 325 273 105
1s3x 82 491 104
1s3x 452 119 105
1s3x 361 40 106
1s3x 269 123 109
1s3x 470 502 110
1s3x 494 157 111
1s3x 495 326 112
1s3x 370 470 113
1s3x 90 49 114
1s3x 264 39 115
1s3x 228 56 114
1s3x 460 173 115
1s3x 396 401 115
1s3x 295 53 116
1s3x 208 349 116
1s3x 374 279 118
1s3x 134 339 119
1s3x 307 386 120
1s3x 184 191 122
1s3x 287 257 123
1s3x 191 426 123
1s3x 467 175 125
1s3x 71 308 125
1s3x 332 233 128
1s3x 363 148 129
1s3x 233 363 127
1s3x 92 111 131
1s3x 467 240 132
1s3x 240 244 136
1s3x 305 324 135
1s3x 284 73 137
1s3x 38 252 139
1s3x 199 285 139
1s3x 192 272 140
1s3x 344 91 142
1s3x 269 312 141
1s3x 430 356 141
1s3x 259 152 142
1s3x 399 209 142
1s3x 325 374 143
1s3x 157 27 143
1s3x 346 286 144
1s3x 218 390 144
1s3x 469 35 146
1s3x 279 347 147
1s3x 152 81 147
1s3x 112 403 147
1s3x 266 412 148
1s3x 458 233 150
1s3x 327 224 152
1s3x 409 99 153
1s3x 38 333 153
1s3x 45 395 155
1s3x 485 498 154
1s3x 208 378 155
1s3x 320 490 156
1s3x 251 54 157
1s3x 360 15 157
1s3x 144 470 158
1s3x 33 476 160
1s3x 319 333 161
1s3x 481 283 162
1s3x 176 346 163
1s3x 484 25 163
1s3x 33 46 164
1s3x 463 112 163
1s3x 419 129 163
1s3x 124 284 164
1s3x 437 264 165
1s3x 210 208 166
1s3x 38 293 167
1s3x 468 429 166
1s3x 352 63 167
1s3x 340 239 172
1s3x 130 274 172
1s3x 10 375 173
1s3x 386 147 173
1s3x 281 299 174
1s3x 380 449 174
1s3x 477 114 176
1s3x 267 217 177
1s3x 205 56 179
1s3x 307 238 179
1s3x 473 394 178
1s3x 235 161 181
1s3x 143 179 180
1s3x 281 401 181
1s3x 369 394 182
1s3x 223 44 182
1s3x 126 111 182
1s3x 318 129 183
1s3x 401 342 182
1s3x 243 428 182
1s3x 238 392 184
1s3x 232 75 185
1s3x 460 250 185
1s3x 480 190 186
1s3x 121 440 186
1s3x 304 17 187
1s3x 79 95 189
1s3x 136 399 189
1s3x 216 55 189
1u6g 184 293 15
1u6g 309 17 17
1u6g 269 151 17
1u6g 188 183 17
1u6g 80 265 19
1u6g 227 42 19
1u6g 67 56 21
1u6g 73 391 20
1u6g 374 214 21
1u6g 33 341 20
1u6g 183 409 20
1u6g 143 409 22
1u6g 343 155 20
1u6g 211 330 23
1u6g 396 329 24
1u6g 113 63 23
1u6g 278 255 26
1u6g 376 77 25
1u6g 369 196 26
1u6g 209 90 25
1u6g 247 97 26
1u6g 157 394 27
1u6g 459 181 31
1u6g 97 46 30
1u6g 456 211 29
1u6g 408 268 31
1u6g 136 59 34
1u6g 124 223 34
1u6g 377 234 31
1u6g 348 467 33
1u6g 91 330 31
1u6g 34 169 36
1u6g 39 256 39
1u6g 416 18 40
1u6g 399 89 39
1u6g 326 358 41
1u6g 122 200 42
1u6g 218 205 43
1u6g 496 227 42
1u6g 23 360 43
1u6g 244 405 42
1u6g 238 98 44
1u6g 399 227 47
1u6g 21 56 49
1u6g 323 419 49
1u6g 168 35 51
1u6g 306 266 49
1u6g 389 153 48
1u6g 187 299 52
1u6g 222 328 48
1u6g 259 135 49
1u6g 152 278 52
1u6g 21 414 54
1u6g 440 482 50
1u6g 185 68 54
1u6g 34 170 55
1u6g 286 294 53
1u6g 123 150 54
1u6g 31 30 57
1u6g 483 81 56
1u6g 92 331 57
1u6g 263 452 57
1u6g 364 76 54
1u6g 99 473 57
1u6g 361 493 57
1u6g 404 330 56
1u6g 333 494 57
1u6g 242 140 60
1u6g 316 152 61
1u6g 456 253 59
1u6g 30 225 60
1u6g 243 373 61
1u6g 371 244 62
1u6g 88 363 61
1u6g 102 172 63
1u6g 27 253 64
1u6g 410 451 63
1u6g 112 37 64
1u6g 368 147 68
1u6g 269 405 67
1u6g 292 131 70
1u6g 184 339 72
1u6g 338 292 69
1u6g 414 278 71
1u6g 490 480 72
1u6g 401 156 71
1u6g 448 260 73
1u6g 174 306 73
1u6g 99 467 71
1u6g 246 165 73
1u6g 352 418 75
1u6g 39 449 72
1u6g 399 18 75
1u6g 340 31 77
1u6g 363 358 74
1u6g 118 90 79
1u6g 59 227 79
1u6g 131 202 80
1u6g 361 382 82
1u6g 293 415 84
1u6g 24 485 84
1u6g 161 178 86
1u6g 336 324 84
1u6g 89 280 87
1u6g 483 403 87
1u6g 187 35 86
1u6g 147 36 88
1u6g 200 194 89
1u6g 447 70 88
1u6g 101 145 92
1u6g 451 414 92
1u6g 104 470 90
1u6g 192 335 92
1u6g 227 306 94
1u6g 196 346 97
1u6g 124 483 95
1u6g 408 74 96
1u6g 164 286 98
1u6g 118 83 99
1u6g 477 223 98
1u6g 103 323 101
1u6g 155 396 100
1u6g 145 467 101
1u6g 182 30 100
1u6g 424 230 104
1u6g 19 229 104
1u6g 299 464 104
1u6g 254 148 107
1u6g 35 303 107
1u6g 415 358 108
1u6g 479 472 107
1u6g 51 495 108
1u6g 485 42 108
1u6g 144 184 109
1u6g 155 120 109
1u6g 384 450 109
1u6g 407 299 111
1u6g 198 134 115
1u6g 409 348 116
1u6g 380 197 114
1u6g 66 38 116
1u6g 274 274 115
1u6g 275 165 119
1u6g 341 161 121
1u6g 221 107 120
1u6g 162 183 118
1u6g 370 250 120
1u6g 123 243 125
1u6g 131 362 124
1u6g 332 441 124
1u6g 274 109 125
1u6g 395 459 125
1u6g 252 187 126
1u6g 245 419 128
1u6g 60 16 127
1u6g 454 139 126
1u6g 180 142 127
1u6g 63 323 134
1u6g 99 260 129
1u6g 493 472 129
1u6g 227 93 131
1u6g 478 122 132
1u6g 484 290 134
1u6g 426 493 133
1u6g 413 179 135
1u6g 438 293 135
1u6g 31 491 134
1u6g 109 249 138
1u6g 136 130 139
1u6g 328 329 137
1u6g 200 326 139
1u6g 338 353 140
1u6g 64 474 137
1u6g 109 480 140
1u6g 235 153 141
1u6g 221 439 143
1u6g 223 65 145
1u6g 71 156 146
1u6g 244 198 146
1u6g 142 237 145
1u6g 361 476 145
1u6g 229 221 149
1u6g 119 331 147
1u6g 99 487 146
1u6g 250 374 148
1u6g 433 389 150
1u6g 191 412 148
1u6g 392 368 151
1u6g 352 459 151
1u6g 322 477 157
1u6g 267 107 156
1u6g 296 194 158
1u6g 174 440 155
1u6g 297 262 160
1u6g 168 305 159
1u6g 70 331 160
1u6g 212 337 158
1u6g 473 437 159
1u6g 289 21 159
1u6g 56 38 163
1u6g 411 55 162
1u6g 196 444 163
1u6g 242 276 165
1u6g 100 173 164
1u6g 200 420 166
1u6g 83 466 167
1u6g 301 71 168
1u6g 197 76 167
1u6g 368 66 170
1u6g 454 125 168
1u6g 294 130 169
1u6g 321 142 171
1u6g 111 343 166
1u6g 373 369 170
1u6g 362 92 172
1u6g 288 282 176
1u6g 100 296 175
1u6g 96 419 175
1u6g 74 37 177
1u6g 286 243 179
1u6g 60 277 177
1u6g 134 241 180
1u6g 94 255 182
1u6g 42 461 180
1u6g 299 166 182
1u6g 84 86 181
1u6g 306 361 183
4cr2 325 254 30
4cr2 363 108 32
4cr2 375 284 30
4cr2 398 471 30
4cr2 452 160 32
4cr2 42 479 32
4cr2 308 240 34
4cr2 229 176 33
4cr2 409 407 33
4cr2 437 32 33
4cr2 138 164 37
4cr2 339 346 38
4cr2 241 231 34
4cr2 59 367 36
4cr2 279 307 37
4cr2 330 453 37
4cr2 360 160 38
4cr2 237 363 39
4cr2 393 52 43
4cr2 386 209 41
4cr2 180 217 41
4cr2 166 269 40
4cr2 457 367 42
4cr2 447 448 41
4cr2 290 49 45
4cr2 392 254 41
4cr2 401 431 45
4cr2 334 482 44
4cr2 246 167 46
4cr2 267 470 50
4cr2 365 257 45
4cr2 470 233 48
4cr2 224 382 50
4cr2 171 234 53
4cr2 351 33 53
4cr2 338 394 52
4cr2 315 307 54
4cr2 243 277 52
4cr2 103 394 50
4cr2 143 235 53
4cr2 329 274 53
4cr2 445 335 52
4cr2 181 348 52
4cr2 419 478 52
4cr2 213 155 53
4cr2 265 206 54
4cr2 385 184 58
4cr2 52 59 59
4cr2 65 414 56
4cr2 456 44 59
4cr2 88 104 62
4cr2 196 195 63
4cr2 157 205 63
4cr2 147 429 62
4cr2 408 36 62
4cr2 317 242 62
4cr2 306 396 64
4cr2 378 368 62
4cr2 467 182 66
4cr2 301 279 66
4cr2 326 344 64
4cr2 137 96 64
4cr2 232 354 65
4cr2 253 309 68
4cr2 426 54 70
4cr2 46 351 71
4cr2 342 457 69
4cr2 382 31 73
4cr2 54 172 73
4cr2 226 204 70
4cr2 308 217 72
4cr2 283 256 69
4cr2 305 441 69
4cr2 314 117 73
4cr2 110 379 71
4cr2 127 438 74
4cr2 174 438 73
4cr2 343 111 71
4cr2 111 250 71
4cr2 231 325 74
4cr2 110 126 75
4cr2 196 323 74
4cr2 437 393 78
4cr2 185 481 74
4cr2 153 130 78
4cr2 369 434 75
4cr2 311 32 77
4cr2 208 463 79
4cr2 137 356 81
4cr2 414 441 77
4cr2 231 137 82
4cr2 434 242 84
4cr2 364 131 82
4cr2 129 174 80
4cr2 356 246 84
4cr2 47 439 85
4cr2 286 176 83
4cr2 427 277 87
4cr2 482 282 87
4cr2 417 361 88
4cr2 146 83 87
4cr2 428 151 92
4cr2 369 168 90
4cr2 358 278 89
4cr2 155 157 93
4cr2 341 98 93
4cr2 302 333 92
4cr2 227 67 91
4cr2 304 373 92
4cr2 185 314 95
4cr2 401 43 94
4cr2 67 360 96
4cr2 280 114 99
4cr2 40 246 99
4cr2 61 274 96
4cr2 50 223 100
4cr2 300 283 99
4cr2 249 327 101
4cr2 413 411 105
4cr2 127 388 103
4cr2 33 142 107
4cr2 33 195 105
4cr2 400 322 107
4cr2 277 155 108
4cr2 243 255 105
4cr2 449 163 109
4cr2 257 380 109
4cr2 322 180 107
4cr2 157 410 107
4cr2 423 175 110
4cr2 260 477 109
4cr2 199 58 110
4cr2 39 105 108
4cr2 186 384 108
4cr2 166 223 111
4cr2 265 311 113
4cr2 208 445 112
4cr2 214 266 115
4cr2 249 352 114
4cr2 436 108 119
4cr2 316 132 113
4cr2 330 198 117
4cr2 81 382 116
4cr2 92 166 115
4cr2 417 77 119
4cr2 434 391 120
4cr2 296 115 119
4cr2 291 34 121
4cr2 357 128 121
4cr2 94 301 124
4cr2 431 262 125
4cr2 380 79 123
4cr2 354 92 124
4cr2 275 469 125
4cr2 406 223 129
4cr2 361 234 125
4cr2 433 366 125
4cr2 120 188 127
4cr2 449 85 126
4cr2 132 218 130
4cr2 120 292 128
4cr2 407 372 130
4cr2 212 300 129
4cr2 413 131 129
4cr2 320 154 131
4cr2 322 396 130
4cr2 105 421 130
4cr2 432 194 134
4cr2 442 223 135
4cr2 444 345 133
4cr2 32 467 131
4cr2 305 94 132
4cr2 106 55 136
4cr2 351 114 134
4cr2 417 399 135
4cr2 468 75 137
4cr2 31 421 140
4cr2 383 59 141
4cr2 170 104 139
4cr2 391 396 141
4cr2 162 379 141
4cr2 103 385 141
4cr2 108 155 145
4cr2 91 349 141
4cr2 303 39 144
4cr2 246 321 144
4cr2 127 309 146
4cr2 463 269 146
4cr2 238 295 148
4cr2 77 285 151
4cr2 423 113 149
4cr2 221 136 152
4cr2 428 463 152
4cr2 216 415 155
4cr2 361 51 151
4cr2 102 128 153
4cr2 302 139 154
4cr2 399 292 151
4cr2 338 74 152
4cr2 33 87 152
4cr2 83 324 155
4cr2 265 356 155
4cr2 43 445 157
4cr2 384 341 156
4cr2 238 393 155
4cr2 310 316 159
4cr2 114 438 156
4cr2 321 54 159
4cr2 446 68 158
4cr2 302 287 157
4cr2 244 353 160
4cr2 240 419 161
4cr2 462 245 158
4cr2 176 247 157
4cr2 149 132 157
4cr2 289 403 162
4cr2 448 301 162
4cr2 430 337 155
4cr2 212 166 162
4cr2 132 413 163
4cr2 471 348 166
4cr2 171 197 163
4cr2 280 102 165
4cr2 362 203 165
4cr2 199 361 166
4cr2 158 476 166
4cr2 132 194 169
4cr2 268 389 168
4cr2 160 416 166
4cr2 390 221 171
4cr2 409 308 171
4cr2 370 422 170
1qvr 195 425 21
1qvr 23 395 22
1qvr 373 351 22
1qvr 298 167 25
1qvr 165 292 25
1qvr 139 142 24
1qvr 310 190 25
1qvr 255 307 26
1qvr 239 434 25
1qvr 307 113 27
1qvr 211 92 25
1qvr 80 110 28
1qvr 403 181 32
1qvr 324 167 30
1qvr 316 222 30
1qvr 67 227 29
1qvr 158 185 35
1qvr 33 434 34
1qvr 140 294 34
1qvr 219 439 35
1qvr 225 43 34
1qvr 459 312 38
1qvr 361 486 38
1qvr 23 71 36
1qvr 241 319 36
1qvr 425 323 37
1qvr 245 194 39
1qvr 106 280 38
1qvr 75 50 39
1qvr 133 395 41
1qvr 470 407 40
1qvr 427 383 41
1qvr 33 169 40
1qvr 250 342 43
1qvr 454 126 45
1qvr 61 299 45
1qvr 219 459 43
1qvr 298 113 47
1qvr 359 55 47
1qvr 409 72 47
1qvr 267 26 49
1qvr 195 129 51
1qvr 312 84 52
1qvr 213 289 52
1qvr 132 325 52
1qvr 155 166 52
1qvr 67 211 52
1qvr 68 374 53
1qvr 203 478 53
1qvr 106 89 56
1qvr 75 137 58
1qvr 357 134 59
1qvr 151 148 58
1qvr 488 252 57
1qvr 95 269 58
1qvr 165 305 58
1qvr 27 83 58
1qvr 437 143 58
1qvr 233 431 58
1qvr 157 57 57
1qvr 197 40 60
1qvr 458 149 64
1qvr 232 115 65
1qvr 165 270 65
1qvr 349 351 65
1qvr 377 393 64
1qvr 269 424 67
1qvr 264 129 66
1qvr 450 221 69
1qvr 22 466 69
1qvr 28 383 69
1qvr 287 481 69
1qvr 117 231 74
1qvr 102 73 73
1qvr 255 56 78
1qvr 185 75 76
1qvr 176 361 77
1qvr 449 34 78
1qvr 174 171 78
1qvr 439 429 79
1qvr 152 450 81
1qvr 392 88 82
1qvr 210 82 82
1qvr 296 46 83
1qvr 459 93 84
1qvr 79 236 83
1qvr 373 95 86
1qvr 119 280 87
1qvr 264 445 84
1qvr 309 238 87
1qvr 73 415 85
1qvr 82 84 88
1qvr 189 235 87
1qvr 363 216 86
1qvr 479 239 87
1qvr 274 33 89
1qvr 487 191 89
1qvr 205 283 90
1qvr 403 380 89
1qvr 491 457 90
1qvr 263 364 91
1qvr 201 410 92
1qvr 462 118 89
1qvr 62 65 94
1qvr 435 181 93
1qvr 248 214 93
1qvr 405 224 92
1qvr 481 314 91
1qvr 299 154 92
1qvr 101 191 92
1qvr 266 196 96
1qvr 325 406 96
1qvr 47 24 94
1qvr 62 92 95
1qvr 489 346 95
1qvr 297 398 95
1qvr 91 218 93
1qvr 466 401 98
1qvr 263 129 97
1qvr 449 358 98
1qvr 121 310 100
1qvr 344 262 103
1qvr 255 32 101
1qvr 372 113 102
1qvr 209 327 104
1qvr 40 285 102
1qvr 324 113 105
1qvr 341 148 104
1qvr 397 264 104
1qvr 280 48 104
1qvr 111 128 104
1qvr 317 379 105
1qvr 87 261 106
1qvr 227 282 104
1qvr 254 292 104
1qvr 425 214 107
1qvr 311 420 107
1qvr 277 438 107
1qvr 335 80 109
1qvr 386 242 110
1qvr 353 315 111
1qvr 407 98 111
1qvr 461 259 111
1qvr 63 430 109
1qvr 84 319 112
1qvr 98 361 113
1qvr 405 33 113
1qvr 141 31 116
1qvr 131 405 119
1qvr 443 53 119
1qvr 233 330 122
1qvr 171 181 121
1qvr 165 258 121
1qvr 395 275 123
1qvr 380 382 121
1qvr 168 35 120
1qvr 48 229 121
1qvr 316 39 123
1qvr 340 294 125
1qvr 56 482 124
1qvr 119 484 125
1qvr 444 427 127
1qvr 46 163 131
1qvr 198 363 129
1qvr 238 71 131
1qvr 304 436 132
1qvr 463 118 134
1qvr 166 314 131
1qvr 142 60 138
1qvr 39 267 136
1qvr 414 451 135
1qvr 483 375 137
1qvr 404 39 139
1qvr 484 207 138
1qvr 407 318 140
1qvr 166 478 139
1qvr 410 151 141
1qvr 389 415 142
1qvr 174 166 142
1qvr 468 455 142
1qvr 153 457 143
1qvr 298 238 144
1qvr 221 312 144
1qvr 327 308 143
1qvr 327 463 145
1qvr 50 63 144
1qvr 191 136 146
1qvr 41 229 146
1qvr 139 262 145
1qvr 462 317 147
1qvr 236 83 145
1qvr 311 165 147
1qvr 269 228 147
1qvr 319 356 147
1qvr 413 336 153
1qvr 299 105 154
1qvr 479 126 152
1qvr 206 217 154
1qvr 218 237 153
1qvr 469 99 154
1qvr 146 108 156
1qvr 313 216 155
1qvr 182 122 158
1qvr 432 336 157
1qvr 341 286 160
1qvr 480 320 159
1qvr 295 450 162
1qvr 128 464 161
1qvr 132 323 163
1qvr 137 359 163
1qvr 482 475 162
1qvr 262 245 164
1qvr 106 108 164
1qvr 387 401 164
1qvr 98 273 165
1qvr 62 369 165
1qvr 337 328 168
1qvr 413 349 169
1qvr 294 221 171
1qvr 342 54 171
1qvr 137 261 171
1qvr 443 404 171
1qvr 170 150 173
1qvr 254 330 174
1qvr 319 426 174
1qvr 168 438 175
1qvr 41 343 172
1qvr 409 268 175
1qvr 332 473 175
1qvr 191 35 176
1qvr 406 417 178
3h84 195 83 17
3h84 344 159 18
3h84 295 287 18
3h84 263 456 19
3h84 320 42 17
3h84 268 361 18
3h84 84 430 18
3h84 320 465 16
3h84 398 354 19
3h84 392 493 22
3h84 142 44 20
3h84 136 178 20
3h84 83 464 21
3h84 467 89 22
3h84 432 419 23
3h84 453 95 24
3h84 237 285 26
3h84 363 387 24
3h84 230 104 26
3h84 294 80 27
3h84 110 135 28
3h84 39 29 30
3h84 255 75 29
3h84 346 181 29
3h84 86 219 31
3h84 105 223 31
3h84 18 439 29
3h84 299 410 31
3h84 40 41 29
3h84 290 132 32
3h84 129 320 32
3h84 187 126 32
3h84 336 370 35
3h84 429 428 36
3h84 271 454 35
3h84 280 72 38
3h84 385 112 39
3h84 335 322 39
3h84 244 393 40
3h84 453 294 42
3h84 306 391 40
3h84 23 452 42
3h84 160 16 43
3h84 337 141 43
3h84 390 325 45
3h84 389 23 45
3h84 334 85 45
3h84 77 272 46
3h84 18 400 46
3h84 154 333 46
3h84 412 343 47
3h84 33 488 50
3h84 261 132 49
3h84 242 417 49
3h84 82 450 50
3h84 448 283 51
3h84 494 292 51
3h84 373 25 51
3h84 45 273 50
3h84 34 330 51
3h84 376 347 54
3h84 490 159 52
3h84 364 477 52
3h84 269 397 53
3h84 279 185 55
3h84 24 266 55
3h84 318 103 58
3h84 79 251 55
3h84 363 20 62
3h84 90 298 61
3h84 96 128 63
3h84 335 237 63
3h84 76 323 62
3h84 254 406 65
3h84 118 265 66
3h84 422 262 65
3h84 168 329 65
3h84 113 489 65
3h84 209 135 67
3h84 277 318 67
3h84 327 24 66
3h84 320 178 67
3h84 70 26 67
3h84 443 194 68
3h84 286 337 71
3h84 89 428 68
3h84 186 401 69
3h84 270 242 72
3h84 487 98 70
3h84 449 261 73
3h84 89 480 71
3h84 486 23 74
3h84 255 197 73
3h84 39 453 74
3h84 441 53 76
3h84 88 158 76
3h84 365 355 75
3h84 220 483 76
3h84 448 78 78
3h84 322 265 76
3h84 463 301 77
3h84 228 37 77
3h84 41 100 80
3h84 482 257 80
3h84 318 382 81
3h84 343 294 81
3h84 252 352 82
3h84 178 274 85
3h84 327 492 85
3h84 389 55 88
3h84 421 477 88
3h84 90 140 86
3h84 429 455 89
3h84 492 158 87
3h84 216 103 92
3h84 76 40 89
3h84 78 335 90
3h84 384 394 90
3h84 205 28 92
3h84 402 165 93
3h84 113 378 93
3h84 321 74 96
3h84 86 70 95
3h84 117 65 96
3h84 263 81 97
3h84 433 73 100
3h84 143 40 101
3h84 390 105 100
3h84 434 371 102
3h84 151 235 102
3h84 34 349 103
3h84 41 124 105
3h84 451 391 104
3h84 18 173 106
3h84 91 407 104
3h84 31 35 107
3h84 396 174 108
3h84 274 235 108
3h84 369 451 107
3h84 359 238 108
3h84 242 306 109
3h84 140 317 109
3h84 437 458 107
3h84 63 165 111
3h84 46 375 111
3h84 415 144 111
3h84 333 357 112
3h84 184 297 113
3h84 151 62 113
3h84 359 292 113
3h84 286 302 113
3h84 30 383 116
3h84 437 203 116
3h84 63 284 116
3h84 341 216 116
3h84 481 460 117
3h84 30 481 117
3h84 330 382 118
3h84 433 140 121
3h84 200 175 121
3h84 31 177 121
3h84 123 461 121
3h84 189 273 125
3h84 55 421 125
3h84 105 469 126
3h84 227 382 127
3h84 209 24 130
3h84 123 73 129
3h84 95 199 130
3h84 339 336 130
3h84 146 310 129
3h84 369 119 132
3h84 377 367 130
3h84 267 336 131
3h84 441 245 134
3h84 278 196 135
3h84 448 313 135
3h84 263 17 134
3h84 309 120 136
3h84 319 229 135
3h84 378 282 136
3h84 341 478 134
3h84 243 209 136
3h84 242 268 135
3h84 335 51 136
3h84 65 470 138
3h84 186 255 139
3h84 483 147 141
3h84 244 350 140
3h84 27 360 141
3h84 281 128 141
3h84 188 207 142
3h84 491 22 143
3h84 126 76 143
3h84 131 170 144
3h84 386 247 145
3h84 366 358 149
3h84 393 91 150
3h84 346 425 148
3h84 197 118 149
3h84 434 487 150
3h84 263 137 154
3h84 387 321 152
3h84 362 315 154
3h84 182 91 156
3h84 417 278 155
3h84 374 371 156
3h84 175 437 155
3h84 270 493 157
3h84 46 308 157
3h84 316 414 156
3h84 491 75 157
3h84 246 174 158
3h84 238 251 158
3h84 366 228 158
3h84 289 235 162
3h84 169 74 163
3h84 404 146 160
3h84 65 146 161
3h84 165 28 163
3h84 257 180 164
3h84 96 93 165
3h84 207 232 171
3h84 44 194 166
3h84 114 340 167
3h84 266 152 168
3h84 84 391 171
3h84 149 94 173
3h84 224 178 173
3h84 135 122 174
3h84 135 60 177
3h84 23 340 177
3h84 325 248 179
3h84 100 441 176
3h84 273 114 178
3h84 418 278 179
3h84 266 466 178
3h84 259 29 181
3h84 232 280 180
3h84 286 330 180
3h84 204 334 183
3h84 44 247 183
2cg9 108 52 14
2cg9 159 40 15
2cg9 32 22 17
2cg9 181 27 18
2cg9 254 339 17
2cg9 60 354 17
2cg9 32 441 18
2cg9 331 156 17
2cg9 350 126 20
2cg9 437 355 20
2cg9 341 446 20
2cg9 370 19 21
2cg9 253 172 22
2cg9 63 32 23
2cg9 418 109 25
2cg9 448 327 27
2cg9 152 433 26
2cg9 455 72 29
2cg9 243 253 28
2cg9 22 333 29
2cg9 256 158 30
2cg9 55 249 29
2cg9 231 108 29
2cg9 369 456 32
2cg9 386 371 33
2cg9 131 463 33
2cg9 317 19 34
2cg9 300 406 32
2cg9 162 129 34
2cg9 381 133 34
2cg9 415 302 37
2cg9 338 373 34
2cg9 180 484 36
2cg9 112 68 36
2cg9 52 149 35
2cg9 268 180 36
2cg9 446 107 36
2cg9 30 109 38
2cg9 191 456 38
2cg9 18 484 38
2cg9 16 45 38
2cg9 424 459 41
2cg9 469 335 40
2cg9 57 163 44
2cg9 284 239 45
2cg9 349 410 44
2cg9 267 88 46
2cg9 422 196 46
2cg9 402 315 45
2cg9 181 115 46
2cg9 376 309 48
2cg9 200 391 48
2cg9 392 458 48
2cg9 47 125 49
2cg9 70 239 47
2cg9 383 444 48
2cg9 198 421 49
2cg9 338 47 51
2cg9 380 121 49
2cg9 275 365 53
2cg9 272 113 52
2cg9 33 326 52
2cg9 34 350 54
2cg9 364 471 52
2cg9 99 485 55
2cg9 259 45 56
2cg9 455 100 55
2cg9 305 171 57
2cg9 353 231 58
2cg9 202 407 58
2cg9 24 127 60
2cg9 105 359 59
2cg9 348 186 61
2cg9 207 236 63
2cg9 205 81 63
2cg9 57 94 63
2cg9 433 265 64
2cg9 77 327 63
2cg9 327 21 67
2cg9 368 290 68
2cg9 171 220 68
2cg9 208 299 69
2cg9 387 316 69
2cg9 140 402 69
2cg9 89 432 67
2cg9 341 19 70
2cg9 71 64 74
2cg9 87 170 73
2cg9 92 219 72
2cg9 159 105 74
2cg9 430 18 74
2cg9 207 234 76
2cg9 441 52 76
2cg9 287 119 76
2cg9 44 328 79
2cg9 45 478 78
2cg9 251 352 82
2cg9 34 213 84
2cg9 166 402 85
2cg9 70 459 84
2cg9 431 301 86
2cg9 40 394 86
2cg9 341 133 90
2cg9 389 222 88
2cg9 60 389 91
2cg9 282 243 92
2cg9 488 212 92
2cg9 137 207 92
2cg9 72 216 93
2cg9 408 255 95
2cg9 487 261 94
2cg9 437 475 96
2cg9 292 63 96
2cg9 228 159 97
2cg9 21 205 97
2cg9 204 246 97
2cg9 150 315 97
2cg9 451 458 98
2cg9 468 139 100
2cg9 56 404 98
2cg9 375 214 101
2cg9 41 266 101
2cg9 21 455 102
2cg9 347 462 100
2cg9 21 158 105
2cg9 212 85 105
2cg9 353 87 104
2cg9 279 328 105
2cg9 163 443 106
2cg9 79 474 106
2cg9 185 19 107
2cg9 223 128 106
2cg9 359 395 106
2cg9 473 76 109
2cg9 173 195 109
2cg9 256 102 111
2cg9 257 82 112
2cg9 152 158 111
2cg9 426 461 112
2cg9 260 173 114
2cg9 151 199 113
2cg9 343 210 117
2cg9 153 379 116
2cg9 103 102 119
2cg9 189 23 121
2cg9 96 444 120
2cg9 144 87 121
2cg9 191 206 122
2cg9 46 209 123
2cg9 327 465 124
2cg9 319 283 123
2cg9 45 332 123
2cg9 17 112 125
2cg9 278 417 123
2cg9 256 159 126
2cg9 472 202 125
2cg9 178 161 125
2cg9 114 165 126
2cg9 485 27 128
2cg9 310 59 128
2cg9 282 59 129
2cg9 123 124 127
2cg9 351 202 129
2cg9 350 24 128
2cg9 395 193 127
2cg9 358 290 131
2cg9 486 173 132
2cg9 321 248 132
2cg9 345 245 135
2cg9 426 418 135
2cg9 376 257 136
2cg9 424 52 139
2cg9 493 70 138
2cg9 417 255 140
2cg9 214 359 142
2cg9 442 406 142
2cg9 335 282 143
2cg9 481 405 141
2cg9 275 288 146
2cg9 170 291 146
2cg9 152 324 145
2cg9 26 331 147
2cg9 310 72 148
2cg9 369 116 148
2cg9 48 256 149
2cg9 26 286 151
2cg9 496 304 150
2cg9 86 51 152
2cg9 55 20 153
2cg9 124 47 152
2cg9 260 15 154
2cg9 116 181 153
2cg9 42 364 153
2cg9 77 380 153
2cg9 155 394 154
2cg9 401 448 154
2cg9 90 249 156
2cg9 49 329 156
2cg9 60 71 158
2cg9 278 322 158
2cg9 111 87 158
2cg9 249 149 161
2cg9 420 153 159
2cg9 364 229 158
2cg9 225 337 161
2cg9 404 247 163
2cg9 165 28 163
2cg9 20 107 161
2cg9 216 452 161
2cg9 164 44 163
2cg9 364 120 164
2cg9 464 461 165
2cg9 128 71 163
2cg9 329 181 164
2cg9 487 400 167
2cg9 126 127 165
2cg9 208 238 165
2cg9 247 83 167
2cg9 314 383 170
2cg9 83 60 168
2cg9 24 141 171
2cg9 263 147 168
2cg9 330 156 171
2cg9 300 328 171
2cg9 61 415 172
2cg9 142 215 175
2cg9 21 247 175
2cg9 134 116 174
2cg9 381 493 176
2cg9 240 86 178
2cg9 78 204 178
2cg9 211 375 177
2cg9 396 291 179
2cg9 480 295 179
2cg9 94 331 177
2cg9 347 25 182
2cg9 261 238 182
2cg9 54 165 182
2cg9 407 221 183
2cg9 343 247 182
2cg9 142 383 185
2cg9 367 435 184
2cg9 448 335 185
3qm1 321 224 11
3qm1 460 75 12
3qm1 239 14 12
3qm1 59 23 11
3qm1 124 60 12
3qm1 490 332 12
3qm1 364 444 11
3qm1 74 20 13
3qm1 413 55 11
3qm1 449 112 13
3qm1 411 118 13
3qm1 88 295 12
3qm1 136 96 14
3qm1 465 13 15
3qm1 480 31 15
3qm1 210 126 15
3qm1 472 141 15
3qm1 202 192 13
3qm1 128 222 15
3qm1 319 378 16
3qm1 179 427 16
3qm1 323 484 15
3qm1 322 292 15
3qm1 76 37 16
3qm1 174 324 16
3qm1 241 398 18
3qm1 252 458 16
3qm1 283 323 18
3qm1 457 108 19
3qm1 157 249 19
3qm1 85 444 18
3qm1 494 303 19
3qm1 296 474 20
3qm1 223 58 23
3qm1 348 78 22
3qm1 322 92 21
3qm1 265 126 22
3qm1 445 141 23
3qm1 236 419 23
3qm1 146 489 23
3qm1 478 306 24
3qm1 21 193 27
3qm1 286 235 27
3qm1 418 373 27
3qm1 251 415 28
3qm1 164 454 27
3qm1 98 119 27
3qm1 95 487 28
3qm1 103 85 30
3qm1 349 491 30
3qm1 183 169 31
3qm1 128 180 31
3qm1 13 229 30
3qm1 64 304 31
3qm1 350 374 29
3qm1 363 24 31
3qm1 304 285 34
3qm1 465 327 33
3qm1 55 84 35
3qm1 333 277 35
3qm1 486 141 36
3qm1 268 269 36
3qm1 291 336 37
3qm1 431 50 38
3qm1 207 84 39
3qm1 357 213 38
3qm1 159 327 38
3qm1 225 88 39
3qm1 452 430 39
3qm1 230 478 40
3qm1 187 62 40
3qm1 231 159 41
3qm1 490 483 40
3qm1 432 80 42
3qm1 453 200 40
3qm1 489 302 42
3qm1 207 396 40
3qm1 100 497 40
3qm1 253 74 43
3qm1 37 452 44
3qm1 175 58 44
3qm1 47 288 44
3qm1 216 358 46
3qm1 141 95 47
3qm1 257 301 47
3qm1 261 378 48
3qm1 334 107 49
3qm1 152 262 48
3qm1 357 281 48
3qm1 149 442 50
3qm1 336 295 50
3qm1 473 69 52
3qm1 233 74 50
3qm1 46 166 53
3qm1 484 51 53
3qm1 175 161 52
3qm1 452 307 53
3qm1 187 404 53
3qm1 362 169 53
3qm1 397 447 53
3qm1 205 176 54
3qm1 188 325 55
3qm1 236 35 56
3qm1 64 234 56
3qm1 310 328 56
3qm1 274 409 56
3qm1 428 230 57
3qm1 331 247 57
3qm1 256 251 56
3qm1 109 458 58
3qm1 479 12 59
3qm1 315 40 60
3qm1 251 162 59
3qm1 112 185 60
3qm1 218 366 62
3qm1 296 359 62
3qm1 411 395 63
3qm1 290 16 63
3qm1 174 32 63
3qm1 99 147 63
3qm1 188 369 64
3qm1 95 189 65
3qm1 87 51 64
3qm1 47 138 65
3qm1 478 359 64
3qm1 158 44 66
3qm1 227 495 66
3qm1 358 270 66
3qm1 395 284 67
3qm1 42 159 68
3qm1 290 352 68
3qm1 399 358 70
3qm1 339 163 71
3qm1 410 221 72
3qm1 470 233 72
3qm1 488 296 71
3qm1 111 146 71
3qm1 238 386 72
3qm1 50 408 70
3qm1 279 105 74
3qm1 191 449 74
3qm1 58 34 75
3qm1 93 251 72
3qm1 394 486 74
3qm1 27 153 74
3qm1 500 225 77
3qm1 211 399 75
3qm1 171 45 76
3qm1 453 142 75
3qm1 381 211 75
3qm1 233 244 76
3qm1 193 300 78
3qm1 255 418 76
3qm1 418 158 79
3qm1 292 354 79
3qm1 75 360 79
3qm1 367 47 81
3qm1 354 99 80
3qm1 446 416 78
3qm1 242 267 81
3qm1 31 80 82
3qm1 168 236 82
3qm1 313 201 83
3qm1 78 118 85
3qm1 186 56 87
3qm1 394 71 86
3qm1 469 219 86
3qm1 25 250 84
3qm1 441 350 86
3qm1 489 384 87
3qm1 416 331 88
3qm1 162 388 88
3qm1 88 422 90
3qm1 100 40 88
3qm1 63 120 91
3qm1 78 169 91
3qm1 52 104 90
3qm1 161 500 93
3qm1 252 306 92
3qm1 374 327 91
3qm1 205 311 93
3qm1 326 359 95
3qm1 310 310 95
3qm1 317 390 95
3qm1 68 194 96
3qm1 363 92 96
3qm1 177 434 96
3qm1 219 497 97
3qm1 434 311 98
3qm1 391 439 97
3qm1 64 32 99
3qm1 478 90 98
3qm1 91 324 99
3qm1 404 495 98
3qm1 154 344 100
3qm1 297 30 101
3qm1 208 147 100
3qm1 153 264 101
3qm1 16 37 103
3qm1 110 333 103
3qm1 227 354 103
3qm1 439 84 103
3qm1 299 142 102
3qm1 361 313 102
3qm1 82 492 105
3qm1 471 307 104
3qm1 144 334 106
3qm1 324 225 108
3qm1 377 174 109
3qm1 199 400 110
3qm1 363 488 108
3qm1 269 123 109
3qm1 118 171 112
3qm1 480 384 110
3qm1 495 159 111
3qm1 149 257 113
3qm1 495 326 112
3qm1 318 462 114
3qm1 371 471 113
3qm1 90 49 113
3qm1 402 75 115
3qm1 301 438 116
3qm1 183 218 116
3qm1 397 401 115
3qm1 295 53 116
3qm1 199 37 119
3qm1 375 279 118
3qm1 203 288 119
3qm1 288 403 119
3qm1 481 134 121
3qm1 60 364 121
3qm1 250 369 122
3qm1 90 421 122
3qm1 174 72 124
3qm1 245 123 123
3qm1 390 250 123
3qm1 228 269 122
3qm1 78 342 123
3qm1 213 410 124
3qm1 65 232 125
3qm1 259 51 125
3qm1 114 115 126
3qm1 224 130 126
3qm1 467 175 125
3qm1 454 184 126
3qm1 232 363 126
3qm1 396 393 126
3qm1 494 196 127
3qm1 333 234 128
3qm1 399 87 131
3qm1 205 168 132
3qm1 65 450 131
3qm1 458 414 132
3qm1 92 111 131
3qm1 88 476 133
3qm1 467 240 132
3qm1 365 14 136
3qm1 65 124 136
3qm1 97 21 136
3qm1 351 58 136
3qm1 229 349 136
3qm1 239 134 137
3qm1 240 244 136
3qm1 395 371 137
3qm1 219 194 138
3qm1 303 195 139
3qm1 499 236 139
3qm1 199 286 139
3qm1 64 425 140
3qm1 468 177 141
3qm1 193 272 140
3qm1 196 58 142
3qm1 289 212 142
3qm1 346 387 142
3qm1 119 25 143
3qm1 344 91 142
3qm1 399 210 142
3qm1 325 374 143
3qm1 346 286 144
3qm1 157 27 144
3qm1 469 36 146
3qm1 369 153 145
3qm1 315 13 147
3qm1 112 404 147
3qm1 152 82 148
3qm1 445 469 149
3qm1 167 70 151
3qm1 185 332 151
3qm1 12 456 151
3qm1 417 422 153
3qm1 186 21 151
3qm1 488 215 153
3qm1 327 224 152
3qm1 187 273 151
3qm1 306 439 154
3qm1 338 108 155
3qm1 325 207 156
3qm1 39 334 152
3qm1 209 379 155
3qm1 38 58 156
3qm1 383 38 157
3qm1 408 99 154
3qm1 320 490 156
3qm1 238 467 156
3qm1 360 16 157
3qm1 148 174 158
3qm1 495 436 160
3qm1 145 470 159
3qm1 456 374 161
3qm1 189 465 161
3qm1 481 283 162
3qm1 33 476 160
3qm1 33 46 164
3qm1 464 113 163
3qm1 124 284 164
3qm1 423 284 165
3qm1 455 317 166
3qm1 177 347 163
3qm1 336 92 166
3qm1 437 264 165
3qm1 95 27 167
3qm1 210 208 166
3qm1 27 425 167
3qm1 468 429 166
3qm1 242 461 168
3qm1 367 178 169
3qm1 44 364 168
3qm1 135 382 170
3qm1 431 442 171
3qm1 480 55 171
3qm1 225 196 173
3qm1 55 216 173
3qm1 340 240 172
3qm1 129 274 172
3qm1 10 375 172
3qm1 380 449 174
3qm1 392 66 176
3qm1 92 74 177
3qm1 477 115 176
3qm1 388 421 177
3qm1 208 437 178
3qm1 307 239 179
3qm1 473 395 178
3qm1 205 56 179
3qm1 417 242 179
3qm1 272 286 181
3qm1 235 161 181
3qm1 143 180 180
3qm1 125 111 182
3qm1 438 306 183
3qm1 243 428 182
3qm1 228 434 183
3qm1 319 129 183
3qm1 434 379 184
3qm1 147 280 185
3qm1 22 387 185
3qm1 232 76 185
3qm1 461 251 185
3qm1 349 76 188
3qm1 304 138 187
3qm1 480 191 186
3qm1 200 387 187
3qm1 81 436 188
3qm1 123 493 189
3qm1 80 96 189
3qm1 137 400 189
3qm1 216 55 189
3gl1 152 481 13
3gl1 465 449 14
3gl1 158 355 14
3gl1 284 416 15
3gl1 43 449 17
3gl1 470 214 19
3gl1 12 116 20
3gl1 142 332 19
3gl1 500 315 20
3gl1 242 324 21
3gl1 418 166 21
3gl1 434 296 22
3gl1 316 154 23
3gl1 26 461 24
3gl1 415 132 24
3gl1 429 125 26
3gl1 304 330 26
3gl1 184 265 29
3gl1 69 457 27
3gl1 40 42 28
3gl1 453 53 28
3gl1 485 63 33
3gl1 148 25 34
3gl1 120 257 32
3gl1 465 465 34
3gl1 401 65 34
3gl1 119 401 35
3gl1 385 433 34
3gl1 415 170 34
3gl1 300 265 36
3gl1 297 69 36
3gl1 440 275 37
3gl1 29 346 38
3gl1 96 160 39
3gl1 90 265 39
3gl1 181 468 39
3gl1 471 141 41
3gl1 287 262 41
3gl1 311 357 41
3gl1 365 85 43
3gl1 291 208 43
3gl1 54 95 45
3gl1 431 112 45
3gl1 291 377 44
3gl1 120 414 47
3gl1 222 328 48
3gl1 62 85 49
3gl1 340 15 51
3gl1 413 25 52
3gl1 72 151 51
3gl1 238 490 51
3gl1 344 449 53
3gl1 32 459 52
3gl1 248 77 52
3gl1 73 124 52
3gl1 457 439 53
3gl1 287 469 53
3gl1 365 76 54
3gl1 402 383 54
3gl1 274 408 55
3gl1 150 132 56
3gl1 258 252 56
3gl1 493 264 57
3gl1 233 292 56
3gl1 185 114 58
3gl1 124 77 61
3gl1 35 314 61
3gl1 240 234 62
3gl1 398 339 64
3gl1 288 141 65
3gl1 165 155 65
3gl1 14 227 65
3gl1 102 44 64
3gl1 60 112 67
3gl1 42 272 66
3gl1 497 392 66
3gl1 170 123 67
3gl1 299 411 67
3gl1 13 115 70
3gl1 224 233 69
3gl1 459 241 70
3gl1 187 130 72
3gl1 26 123 72
3gl1 338 203 77
3gl1 24 228 76
3gl1 355 53 77
3gl1 239 234 77
3gl1 448 346 77
3gl1 399 305 80
3gl1 261 236 82
3gl1 26 285 83
3gl1 457 215 82
3gl1 326 301 83
3gl1 70 329 84
3gl1 186 384 85
3gl1 26 431 86
3gl1 101 39 87
3gl1 169 123 87
3gl1 218 131 88
3gl1 315 445 89
3gl1 290 263 89
3gl1 210 387 89
3gl1 384 491 89
3gl1 249 44 90
3gl1 431 209 90
3gl1 343 367 90
3gl1 388 409 91
3gl1 374 354 95
3gl1 476 432 95
3gl1 314 204 95
3gl1 282 457 98
3gl1 378 257 99
3gl1 143 497 100
3gl1 113 220 101
3gl1 196 164 102
3gl1 91 184 102
3gl1 143 359 102
3gl1 412 19 105
3gl1 440 125 106
3gl1 311 168 106
3gl1 132 287 106
3gl1 437 458 106
3gl1 372 25 109
3gl1 254 59 109
3gl1 232 68 110
3gl1 345 406 111
3gl1 48 152 111
3gl1 104 289 111
3gl1 40 53 114
3gl1 239 461 114
3gl1 94 32 115
3gl1 237 179 116
3gl1 111 434 114
3gl1 166 88 117
3gl1 411 273 119
3gl1 49 275 119
3gl1 484 495 119
3gl1 441 128 120
3gl1 111 394 120
3gl1 426 448 121
3gl1 491 457 121
3gl1 379 340 123
3gl1 52 106 124
3gl1 276 44 125
3gl1 53 54 127
3gl1 55 309 126
3gl1 213 331 128
3gl1 232 121 128
3gl1 91 409 132
3gl1 298 467 131
3gl1 155 17 132
3gl1 207 139 133
3gl1 323 211 133
3gl1 169 13 136
3gl1 308 372 137
3gl1 475 442 138
3gl1 349 302 139
3gl1 232 489 139
3gl1 15 194 140
3gl1 64 207 141
3gl1 190 449 141
3gl1 31 346 142
3gl1 334 397 144
3gl1 370 153 146
3gl1 491 327 145
3gl1 140 383 148
3gl1 20 401 148
3gl1 28 130 149
3gl1 48 282 148
3gl1 156 308 149
3gl1 229 331 148
3gl1 367 432 148
3gl1 30 497 149
3gl1 286 194 150
3gl1 431 247 150
3gl1 62 296 152
3gl1 417 392 151
3gl1 59 284 153
3gl1 172 389 153
3gl1 372 463 154
3gl1 310 18 155
3gl1 69 247 157
3gl1 35 379 159
3gl1 299 60 160
3gl1 316 249 161
3gl1 404 468 162
3gl1 303 162 163
3gl1 160 101 164
3gl1 434 251 164
3gl1 83 205 165
3gl1 411 459 166
3gl1 467 27 167
3gl1 421 226 167
3gl1 328 276 168
3gl1 242 382 167
3gl1 422 451 167
3gl1 196 484 167
3gl1 458 86 169
3gl1 203 383 170
3gl1 319 104 172
3gl1 425 43 172
3gl1 440 126 172
3gl1 271 333 173
3gl1 497 347 173
3gl1 281 452 174
3gl1 431 199 175
3gl1 428 327 174
3gl1 253 72 174
3gl1 233 331 175
3gl1 104 198 176
3gl1 288 373 178
3gl1 85 47 178
3gl1 179 463 178
3gl1 266 465 178
3gl1 202 73 179
3gl1 276 133 179
3gl1 298 378 180
3gl1 249 60 181
3gl1 457 279 181
3gl1 306 120 183
3gl1 34 136 183
3gl1 335 270 183
3gl1 442 440 184
3gl1 430 389 185
3gl1 368 241 187
3d2f 80 184 18
3d2f 284 18 21
3d2f 54 421 19
3d2f 465 481 19
3d2f 27 237 20
3d2f 55 74 24
3d2f 353 416 19
3d2f 469 463 20
3d2f 161 268 20
3d2f 220 477 22
3d2f 420 92 23
3d2f 484 246 24
3d2f 364 374 25
3d2f 406 446 27
3d2f 223 125 24
3d2f 311 300 27
3d2f 139 262 30
3d2f 344 294 32
3d2f 89 365 31
3d2f 477 92 33
3d2f 41 183 31
3d2f 461 375 29
3d2f 354 133 32
3d2f 141 220 36
3d2f 163 44 34
3d2f 217 346 37
3d2f 465 350 39
3d2f 139 371 39
3d2f 204 167 38
3d2f 183 85 39
3d2f 135 111 42
3d2f 406 145 43
3d2f 123 77 44
3d2f 234 125 44
3d2f 184 156 44
3d2f 85 209 44
3d2f 51 464 43
3d2f 34 156 44
3d2f 115 307 44
3d2f 87 430 50
3d2f 474 126 50
3d2f 343 163 50
3d2f 71 70 52
3d2f 28 183 49
3d2f 445 73 53
3d2f 383 282 53
3d2f 454 380 53
3d2f 85 410 56
3d2f 298 233 56
3d2f 470 414 59
3d2f 103 211 61
3d2f 19 43 58
3d2f 152 73 58
3d2f 251 151 60
3d2f 124 191 60
3d2f 440 368 57
3d2f 447 176 58
3d2f 439 296 60
3d2f 386 474 63
3d2f 435 496 59
3d2f 157 483 66
3d2f 286 196 64
3d2f 419 209 67
3d2f 336 312 66
3d2f 372 42 66
3d2f 319 195 65
3d2f 49 230 68
3d2f 127 62 68
3d2f 463 205 71
3d2f 486 321 70
3d2f 346 87 73
3d2f 402 327 71
3d2f 468 379 74
3d2f 206 249 70
3d2f 46 380 75
3d2f 415 393 73
3d2f 156 261 78
3d2f 113 362 79
3d2f 207 341 77
3d2f 312 354 78
3d2f 344 491 81
3d2f 328 274 83
3d2f 334 243 80
3d2f 89 342 84
3d2f 488 362 83
3d2f 101 425 82
3d2f 141 108 85
3d2f 298 197 88
3d2f 20 321 86
3d2f 21 71 88
3d2f 278 278 89
3d2f 367 460 89
3d2f 326 221 88
3d2f 267 429 92
3d2f 162 470 92
3d2f 99 76 92
3d2f 20 414 93
3d2f 91 460 94
3d2f 136 455 93
3d2f 390 25 92
3d2f 251 75 95
3d2f 470 173 95
3d2f 410 300 94
3d2f 279 209 93
3d2f 412 480 101
3d2f 49 40 98
3d2f 391 358 99
3d2f 165 84 102
3d2f 242 146 105
3d2f 120 367 105
3d2f 206 205 101
3d2f 350 244 102
3d2f 27 375 105
3d2f 194 283 105
3d2f 387 18 108
3d2f 309 217 109
3d2f 201 419 110
3d2f 288 208 114
3d2f 129 327 110
3d2f 22 320 115
3d2f 360 360 110
3d2f 154 104 116
3d2f 83 247 112
3d2f 475 441 119
3d2f 385 99 118
3d2f 104 82 118
3d2f 322 307 120
3d2f 222 422 119
3d2f 300 455 119
3d2f 288 331 122
3d2f 181 405 123
3d2f 299 490 122
3d2f 59 95 123
3d2f 213 474 130
3d2f 477 152 128
3d2f 35 59 129
3d2f 310 203 129
3d2f 27 442 128
3d2f 304 25 128
3d2f 297 68 134
3d2f 88 246 133
3d2f 371 399 134
3d2f 110 114 138
3d2f 40 132 138
3d2f 142 375 136
3d2f 45 24 137
3d2f 101 96 137
3d2f 252 480 138
3d2f 139 346 142
3d2f 177 62 141
3d2f 374 320 141
3d2f 138 149 141
3d2f 395 262 141
3d2f 422 219 145
3d2f 241 228 142
3d2f 121 345 145
3d2f 86 20 149
3d2f 109 225 147
3d2f 173 233 147
3d2f 41 114 151
3d2f 265 265 147
3d2f 218 268 151
3d2f 139 86 153
3d2f 491 422 149
3d2f 140 216 154
3d2f 479 249 153
3d2f 241 105 157
3d2f 399 203 153
3d2f 364 340 157
3d2f 200 19 157
3d2f 21 128 157
3d2f 198 190 159
3d2f 454 336 157
3d2f 109 297 160
3d2f 433 372 161
3d2f 477 216 162
3d2f 468 398 162
3d2f 367 483 162
3d2f 440 156 165
3d2f 438 392 164
3d2f 200 112 166
3d2f 357 450 167
3d2f 491 306 167
3d2f 113 479 166
3d2f 143 40 164
3d2f 471 62 166
3d2f 237 130 170
3d2f 123 311 169
3d2f 43 416 168
3d2f 389 309 167
3d2f 69 197 174
3d2f 394 255 173
3d2f 183 419 170
3d2f 210 103 176
3d2f 189 335 178
3d2f 195 395 174
3d2f 383 95 175
3d2f 33 99 178
3d2f 69 474 179
3d2f 221 89 176
3d2f 42 279 180
3d2f 148 31 179
3d2f 462 75 179
3d2f 387 131 177
3d2f 470 20 179
3d2f 248 157 182
3d2f 191 207 177
3d2f 454 185 179
3d2f 419 430 179
3d2f 174 488 180
3d2f 84 186 180
3d2f 119 469 181
3d2f 104 493 181
3d2f 452 150 181
4d8q 182 444 19
4d8q 466 338 20
4d8q 353 30 20
4d8q 217 204 21
4d8q 199 222 22
4d8q 409 224 21
4d8q 34 304 21
4d8q 470 416 23
4d8q 273 425 23
4d8q 448 392 24
4d8q 146 450 25
4d8q 135 238 26
4d8q 258 139 28
4d8q 67 320 29
4d8q 175 332 29
4d8q 254 382 29
4d8q 436 341 30
4d8q 118 449 31
4d8q 115 472 32
4d8q 92 71 33
4d8q 270 217 32
4d8q 175 395 32
4d8q 154 79 33
4d8q 209 234 34
4d8q 265 117 35
4d8q 296 361 35
4d8q 119 49 36
4d8q 270 353 36
4d8q 427 232 36
4d8q 269 43 38
4d8q 346 269 37
4d8q 56 405 40
4d8q 21 282 40
4d8q 111 163 42
4d8q 268 332 41
4d8q 33 389 42
4d8q 379 69 42
4d8q 217 110 43
4d8q 47 233 43
4d8q 345 244 42
4d8q 195 283 43
4d8q 309 208 45
4d8q 161 292 46
4d8q 59 336 46
4d8q 285 87 47
4d8q 492 208 47
4d8q 348 211 49
4d8q 282 276 48
4d8q 327 29 50
4d8q 127 19 52
4d8q 285 349 51
4d8q 42 202 52
4d8q 167 82 54
4d8q 143 298 54
4d8q 329 218 56
4d8q 162 396 55
4d8q 125 48 57
4d8q 398 94 57
4d8q 63 464 57
4d8q 59 492 57
4d8q 102 421 59
4d8q 84 32 59
4d8q 40 99 59
4d8q 203 358 62
4d8q 191 383 62
4d8q 373 101 62
4d8q 131 277 63
4d8q 475 265 65
4d8q 353 309 65
4d8q 384 448 66
4d8q 234 51 66
4d8q 488 372 67
4d8q 461 69 68
4d8q 405 139 68
4d8q 361 214 68
4d8q 395 230 68
4d8q 387 255 68
4d8q 206 23 70
4d8q 66 301 69
4d8q 279 300 71
4d8q 472 347 71
4d8q 73 203 71
4d8q 341 223 72
4d8q 266 374 72
4d8q 103 330 73
4d8q 441 362 74
4d8q 156 28 75
4d8q 230 295 75
4d8q 427 82 75
4d8q 114 403 77
4d8q 123 486 77
4d8q 419 408 79
4d8q 397 113 81
4d8q 369 484 81
4d8q 383 296 82
4d8q 44 302 82
4d8q 323 150 82
4d8q 145 385 82
4d8q 413 96 84
4d8q 213 255 85
4d8q 98 386 86
4d8q 157 228 87
4d8q 193 160 87
4d8q 337 170 89
4d8q 101 294 88
4d8q 473 37 90
4d8q 65 154 89
4d8q 228 177 90
4d8q 309 106 91
4d8q 120 41 92
4d8q 278 480 91
4d8q 333 429 93
4d8q 440 28 95
4d8q 192 467 95
4d8q 369 429 97
4d8q 338 40 97
4d8q 179 452 98
4d8q 136 128 98
4d8q 448 336 98
4d8q 485 485 100
4d8q 152 378 101
4d8q 224 404 101
4d8q 301 88 103
4d8q 273 264 103
4d8q 465 192 107
4d8q 57 326 107
4d8q 238 486 107
4d8q 274 81 109
4d8q 106 271 109
4d8q 387 141 110
4d8q 168 336 111
4d8q 404 445 111
4d8q 352 436 112
4d8q 215 150 114
4d8q 436 318 113
4d8q 461 469 114
4d8q 218 184 115
4d8q 317 257 114
4d8q 309 320 114
4d8q 259 447 115
4d8q 135 448 116
4d8q 479 168 117
4d8q 486 104 117
4d8q 355 48 119
4d8q 235 231 118
4d8q 113 344 118
4d8q 177 359 119
4d8q 454 368 119
4d8q 62 76 120
4d8q 424 40 120
4d8q 290 356 122
4d8q 25 264 123
4d8q 356 416 123
4d8q 100 228 123
4d8q 308 341 124
4d8q 358 464 123
4d8q 297 271 126
4d8q 184 460 126
4d8q 330 176 127
4d8q 305 174 127
4d8q 375 27 130
4d8q 272 442 130
4d8q 391 146 131
4d8q 180 289 131
4d8q 394 344 131
4d8q 127 439 132
4d8q 64 42 133
4d8q 131 106 134
4d8q 162 278 135
4d8q 302 298 136
4d8q 228 400 136
4d8q 456 43 137
4d8q 72 372 137
4d8q 276 36 138
4d8q 261 181 139
4d8q 374 445 139
4d8q 228 108 140
4d8q 345 214 140
4d8q 275 249 141
4d8q 189 390 140
4d8q 83 39 141
4d8q 351 174 142
4d8q 154 205 143
4d8q 157 245 142
4d8q 298 348 142
4d8q 461 150 144
4d8q 161 53 144
4d8q 324 108 145
4d8q 381 132 144
4d8q 322 439 145
4d8q 219 482 146
4d8q 215 31 148
4d8q 480 47 147
4d8q 75 137 147
4d8q 307 392 150
4d8q 149 412 149
4d8q 431 429 149
4d8q 108 312 151
4d8q 332 416 151
4d8q 180 44 152
4d8q 288 69 152
4d8q 76 85 153
4d8q 381 165 154
4d8q 66 489 153
4d8q 340 140 155
4d8q 58 421 155
4d8q 204 257 157
4d8q 314 266 157
4d8q 347 395 158
4d8q 293 362 158
4d8q 55 126 162
4d8q 342 223 163
4d8q 448 207 163
4d8q 224 40 165
4d8q 280 43 165
4d8q 387 193 167
4d8q 62 101 168
4d8q 426 185 168
4d8q 108 376 171
4d8q 70 262 172
4d8q 156 374 172
4d8q 85 135 174
4d8q 191 259 174
4d8q 159 276 174
4d8q 214 467 173
4d8q 328 197 175
4d8q 235 210 176
4d8q 378 275 175
4d8q 57 304 175
4d8q 457 38 177
4d8q 258 483 176
4d8q 348 109 177
4d8q 122 223 177
4d8q 466 125 179
4d8q 30 372 179
4d8q 411 475 178
4d8q 184 123 180
4d8q 487 127 180
4d8q 429 88 180
4d8q 300 254 181
1bxn 109 344 12
1bxn 287 301 13
1bxn 124 275 15
1bxn 490 91 15
1bxn 33 139 15
1bxn 441 232 16
1bxn 166 164 17
1bxn 429 254 16
1bxn 324 403 17
1bxn 173 76 18
1bxn 61 447 19
1bxn 30 363 19
1bxn 321 364 20
1bxn 275 395 20
1bxn 424 446 20
1bxn 464 236 20
1bxn 335 303 20
1bxn 230 401 22
1bxn 191 468 21
1bxn 287 43 22
1bxn 216 152 22
1bxn 371 163 23
1bxn 128 374 23
1bxn 410 55 24
1bxn 258 255 24
1bxn 197 313 24
1bxn 394 135 25
1bxn 428 184 25
1bxn 206 117 27
1bxn 351 338 26
1bxn 305 140 27
1bxn 478 199 28
1bxn 379 404 27
1bxn 209 50 28
1bxn 488 426 28
1bxn 292 486 28
1bxn 473 496 29
1bxn 259 477 30
1bxn 99 391 30
1bxn 113 371 31
1bxn 368 48 33
1bxn 287 433 33
1bxn 478 169 37
1bxn 87 125 38
1bxn 78 147 37
1bxn 258 453 39
1bxn 71 16 42
1bxn 173 457 42
1bxn 423 288 43
1bxn 138 137 44
1bxn 401 364 45
1bxn 480 383 45
1bxn 372 382 45
1bxn 277 135 46
1bxn 144 354 48
1bxn 442 407 48
1bxn 358 424 47
1bxn 123 134 51
1bxn 366 441 50
1bxn 85 235 52
1bxn 216 85 53
1bxn 299 252 53
1bxn 493 121 53
1bxn 322 466 53
1bxn 156 493 54
1bxn 283 452 54
1bxn 493 38 55
1bxn 51 445 58
1bxn 315 479 58
1bxn 481 465 60
1bxn 213 102 60
1bxn 18 338 60
1bxn 253 340 60
1bxn 488 143 61
1bxn 490 276 63
1bxn 373 413 64
1bxn 455 313 64
1bxn 223 260 66
1bxn 468 285 66
1bxn 149 348 65
1bxn 442 109 66
1bxn 302 165 69
1bxn 341 267 71
1bxn 271 70 72
1bxn 451 280 72
1bxn 72 342 72
1bxn 352 392 71
1bxn 260 36 73
1bxn 36 200 72
1bxn 300 462 75
1bxn 373 322 76
1bxn 65 385 75
1bxn 207 53 76
1bxn 497 68 78
1bxn 428 318 79
1bxn 254 327 78
1bxn 469 440 79
1bxn 221 224 81
1bxn 49 71 83
1bxn 232 108 82
1bxn 290 226 83
1bxn 360 338 83
1bxn 302 493 84
1bxn 32 58 85
1bxn 479 127 85
1bxn 257 106 86
1bxn 82 185 87
1bxn 192 133 88
1bxn 171 212 88
1bxn 46 410 88
1bxn 464 157 89
1bxn 91 311 89
1bxn 466 344 89
1bxn 14 105 90
1bxn 464 254 90
1bxn 309 465 92
1bxn 162 256 93
1bxn 195 365 92
1bxn 450 486 92
1bxn 27 24 93
1bxn 396 288 94
1bxn 270 335 93
1bxn 95 104 95
1bxn 175 46 96
1bxn 84 148 98
1bxn 351 62 100
1bxn 181 128 100
1bxn 123 156 99
1bxn 54 200 99
1bxn 402 202 102
1bxn 254 424 103
1bxn 104 20 103
1bxn 395 484 103
1bxn 250 399 104
1bxn 181 493 105
1bxn 460 97 105
1bxn 15 400 106
1bxn 488 14 108
1bxn 135 145 108
1bxn 70 114 108
1bxn 62 132 108
1bxn 28 430 108
1bxn 286 495 108
1bxn 355 182 110
1bxn 159 317 109
1bxn 468 321 111
1bxn 247 189 112
1bxn 72 454 114
1bxn 256 19 114
1bxn 349 382 115
1bxn 322 408 116
1bxn 372 438 117
1bxn 383 402 117
1bxn 110 450 118
1bxn 257 251 118
1bxn 138 498 119
1bxn 375 215 119
1bxn 187 254 120
1bxn 25 46 120
1bxn 198 82 120
1bxn 260 400 121
1bxn 21 189 123
1bxn 414 480 122
1bxn 448 493 123
1bxn 363 274 123
1bxn 271 228 124
1bxn 187 335 125
1bxn 148 467 125
1bxn 463 227 127
1bxn 229 478 128
1bxn 79 445 128
1bxn 195 100 129
1bxn 227 284 131
1bxn 361 350 130
1bxn 247 39 132
1bxn 347 149 131
1bxn 450 14 133
1bxn 145 441 134
1bxn 97 174 134
1bxn 145 283 134
1bxn 39 300 134
1bxn 366 498 134
1bxn 35 102 135
1bxn 256 122 137
1bxn 58 87 139
1bxn 283 396 139
1bxn 432 168 139
1bxn 171 454 139
1bxn 206 112 140
1bxn 47 343 140
1bxn 421 34 143
1bxn 45 316 142
1bxn 290 445 145
1bxn 330 175 146
1bxn 255 442 148
1bxn 340 249 149
1bxn 200 75 150
1bxn 440 263 152
1bxn 250 266 152
1bxn 274 475 153
1bxn 263 86 155
1bxn 492 486 155
1bxn 483 181 156
1bxn 364 280 155
1bxn 433 136 156
1bxn 82 440 157
1bxn 250 216 157
1bxn 257 283 159
1bxn 385 110 160
1bxn 279 274 159
1bxn 415 77 160
1bxn 485 145 160
1bxn 75 216 162
1bxn 117 252 162
1bxn 473 381 168
1bxn 113 456 167
1bxn 305 180 170
1bxn 213 497 169
1bxn 170 329 170
1bxn 263 443 170
1bxn 114 17 171
1bxn 471 155 173
1bxn 488 364 173
1bxn 406 39 174
1bxn 65 495 175
1bxn 156 169 176
1bxn 103 33 178
1bxn 137 144 177
1bxn 38 120 178
1bxn 37 220 179
1bxn 116 260 178
1bxn 15 169 179
1bxn 284 425 180
1bxn 274 162 180
1bxn 491 236 181
1bxn 311 474 181
1bxn 148 497 182
1bxn 291 108 183
1bxn 415 158 182
1bxn 480 57 184
1bxn 441 220 185
1bxn 195 280 185
1bxn 217 401 184
1bxn 404 86 186
1bxn 143 416 186
