3cf3 254 51 2
3cf3 224 148 2
3cf3 185 326 5
3cf3 214 102 9
3cf3 178 371 9
3cf3 132 26 12
3cf3 285 68 19
3cf3 329 328 19
3cf3 196 161 20
3cf3 379 52 20
3cf3 219 308 20
3cf3 222 359 20
3cf3 125 417 20
3cf3 86 158 20
3cf3 112 403 21
3cf3 371 163 24
3cf3 287 345 23
3cf3 430 270 23
3cf3 140 316 26
3cf3 372 351 23
3cf3 47 266 23
3cf3 120 121 27
3cf3 247 46 29
3cf3 334 112 28
3cf3 472 494 28
3cf3 98 391 30
3cf3 333 38 31
3cf3 79 111 30
3cf3 85 220 31
3cf3 314 222 31
3cf3 88 447 33
3cf3 441 489 32
3cf3 159 186 34
3cf3 357 164 33
3cf3 33 170 36
3cf3 452 253 37
3cf3 89 309 36
3cf3 279 71 37
3cf3 243 318 37
3cf3 337 374 38
3cf3 314 412 38
3cf3 167 113 40
3cf3 287 169 41
3cf3 461 314 39
3cf3 159 420 39
3cf3 72 17 44
3cf3 194 28 44
3cf3 79 183 45
3cf3 340 184 47
3cf3 337 65 42
3cf3 314 133 44
3cf3 179 251 46
3cf3 469 296 48
3cf3 257 298 49
3cf3 322 55 50
3cf3 224 61 49
3cf3 491 208 48
3cf3 45 273 49
3cf3 300 444 50
3cf3 132 466 52
3cf3 213 220 53
3cf3 134 259 53
3cf3 420 421 56
3cf3 220 175 55
3cf3 202 479 56
3cf3 356 381 58
3cf3 122 400 58
3cf3 196 44 60
3cf3 357 135 60
3cf3 122 216 60
3cf3 321 311 59
3cf3 186 429 61
3cf3 491 434 62
3cf3 482 466 60
3cf3 407 176 60
3cf3 237 474 62
3cf3 302 60 63
3cf3 22 127 60
3cf3 417 297 62
3cf3 283 162 65
3cf3 469 287 65
3cf3 371 66 68
3cf3 173 57 69
3cf3 467 325 67
3cf3 166 460 69
3cf3 177 96 69
3cf3 481 68 70
3cf3 319 72 70
3cf3 233 178 69
3cf3 50 261 72
3cf3 340 294 70
3cf3 325 502 70
3cf3 259 37 73
3cf3 385 338 71
3cf3 254 466 72
3cf3 217 158 74
3cf3 73 340 73
3cf3 388 409 73
3cf3 461 469 74
3cf3 68 479 74
3cf3 57 138 78
3cf3 331 369 78
3cf3 439 430 79
3cf3 171 321 80
3cf3 286 86 80
3cf3 291 226 82
3cf3 116 89 81
3cf3 302 493 83
3cf3 80 236 84
3cf3 281 369 84
3cf3 317 381 82
3cf3 262 397 86
3cf3 341 400 85
3cf3 252 428 84
3cf3 202 108 86
3cf3 134 317 82
3cf3 226 347 85
3cf3 171 345 88
3cf3 135 62 88
3cf3 448 70 88
3cf3 371 192 89
3cf3 66 309 89
3cf3 380 69 91
3cf3 407 183 91
3cf3 227 457 91
3cf3 51 466 88
3cf3 345 196 89
3cf3 308 465 92
3cf3 179 186 92
3cf3 436 180 93
3cf3 402 165 92
3cf3 248 215 94
3cf3 92 215 92
3cf3 34 472 96
3cf3 488 102 97
3cf3 416 127 99
3cf3 442 50 100
3cf3 451 358 99
3cf3 223 428 97
3cf3 110 447 99
3cf3 423 57 101
3cf3 121 256 100
3cf3 392 356 99
3cf3 254 33 101
3cf3 164 359 101
3cf3 20 363 100
3cf3 242 113 104
3cf3 401 203 102
3cf3 182 85 105
3cf3 159 139 105
3cf3 40 286 104
3cf3 181 492 106
3cf3 321 94 108
3cf3 157 121 108
3cf3 158 317 109
3cf3 97 202 109
3cf3 390 239 108
3cf3 488 84 111
3cf3 135 477 111
3cf3 331 50 112
3cf3 354 318 112
3cf3 177 473 111
3cf3 207 480 113
3cf3 139 276 113
3cf3 240 38 116
3cf3 53 402 117
3cf3 383 402 116
3cf3 509 223 117
3cf3 82 147 122
3cf3 97 444 120
3cf3 261 401 123
3cf3 392 176 123
3cf3 217 209 124
3cf3 77 19 125
3cf3 159 77 124
3cf3 482 354 126
3cf3 318 363 126
3cf3 197 364 129
3cf3 230 478 128
3cf3 38 147 133
3cf3 77 276 132
3cf3 267 377 133
3cf3 449 15 134
3cf3 195 44 135
3cf3 270 69 136
3cf3 383 107 136
3cf3 283 167 136
3cf3 166 413 137
3cf3 415 450 135
3cf3 168 20 137
3cf3 147 440 135
3cf3 175 191 139
3cf3 165 352 139
3cf3 283 397 139
3cf3 483 372 138
3cf3 80 64 139
3cf3 138 474 141
3cf3 138 150 140
3cf3 153 456 143
3cf3 469 456 143
3cf3 186 204 142
3cf3 220 438 142
3cf3 491 468 145
3cf3 465 20 147
3cf3 391 26 147
3cf3 245 33 147
3cf3 62 388 149
3cf3 256 442 148
3cf3 131 28 149
3cf3 103 24 154
3cf3 381 220 153
3cf3 104 265 151
3cf3 226 366 153
3cf3 456 413 154
3cf3 435 36 153
3cf3 367 93 155
3cf3 72 188 156
3cf3 405 162 156
3cf3 256 283 157
3cf3 141 444 158
3cf3 362 154 158
3cf3 223 97 158
3cf3 181 124 158
3cf3 395 71 160
3cf3 75 216 161
3cf3 114 493 160
3cf3 334 360 161
3cf3 349 396 160
3cf3 340 473 160
3cf3 60 236 165
3cf3 41 240 164
3cf3 96 354 166
3cf3 66 396 165
3cf3 109 411 163
3cf3 98 175 163
3cf3 212 205 165
3cf3 190 289 167
3cf3 115 357 165
3cf3 27 261 168
3cf3 62 372 166
3cf3 203 113 166
3cf3 20 219 169
3cf3 212 298 170
3cf3 418 391 168
3cf3 98 477 169
3cf3 80 485 170
3cf3 336 332 169
3cf3 181 307 172
3cf3 487 440 172
3cf3 352 264 171
3cf3 349 423 174
3cf3 142 213 174
3cf3 408 270 173
3cf3 254 330 175
3cf3 278 351 172
3cf3 234 473 176
3cf3 69 71 175
3cf3 405 110 176
3cf3 21 309 179
3cf3 359 317 175
3cf3 167 437 176
3cf3 338 81 177
3cf3 124 92 177
3cf3 19 291 177
3cf3 14 327 175
3cf3 60 446 178
3cf3 373 161 180
3cf3 162 85 179
3cf3 428 23 180
3cf3 306 361 184
3cf3 451 336 186
1s3x 261 84 1
1s3x 472 252 1
1s3x 48 264 1
1s3x 270 391 1
1s3x 425 462 6
1s3x 82 124 8
1s3x 60 22 11
1s3x 412 54 10
1s3x 171 97 10
1s3x 332 144 10
1s3x 22 174 10
1s3x 396 359 10
1s3x 364 443 11
1s3x 132 26 10
1s3x 88 295 12
1s3x 160 384 10
1s3x 124 60 12
1s3x 460 74 12
1s3x 269 276 12
1s3x 240 15 11
1s3x 136 95 14
1s3x 232 228 12
1s3x 73 20 12
1s3x 371 105 15
1s3x 448 112 14
1s3x 178 427 14
1s3x 466 11 15
1s3x 210 126 15
1s3x 472 140 16
1s3x 80 265 14
1s3x 173 324 16
1s3x 252 458 15
1s3x 323 483 15
1s3x 232 64 15
1s3x 321 292 16
1s3x 255 337 14
1s3x 458 106 18
1s3x 227 135 17
1s3x 358 169 18
1s3x 319 378 16
1s3x 22 238 17
1s3x 319 273 18
1s3x 249 290 18
1s3x 494 303 18
1s3x 387 313 18
1s3x 467 479 17
1s3x 225 1 19
1s3x 188 295 18
1s3x 409 432 19
1s3x 323 91 20
1s3x 242 398 19
1s3x 225 510 20
1s3x 43 262 20
1s3x 240 326 21
1s3x 356 438 20
1s3x 135 446 20
1s3x 146 488 22
1s3x 348 77 21
1s3x 313 154 22
1s3x 348 419 21
1s3x 78 70 24
1s3x 110 236 24
1s3x 479 306 24
1s3x 333 49 24
1s3x 270 99 23
1s3x 56 120 24
1s3x 445 141 23
1s3x 220 417 25
1s3x 236 419 23
1s3x 222 59 23
1s3x 205 267 25
1s3x 26 460 24
1s3x 70 475 25
1s3x 94 486 27
1s3x 97 119 27
1s3x 111 139 27
1s3x 342 183 27
1s3x 418 372 27
1s3x 468 68 27
1s3x 451 262 27
1s3x 164 454 27
1s3x 350 489 29
1s3x 18 152 28
1s3x 270 192 29
1s3x 380 476 29
1s3x 259 71 29
1s3x 104 84 30
1s3x 254 161 29
1s3x 300 414 30
1s3x 128 179 31
1s3x 64 277 32
1s3x 64 303 32
1s3x 96 332 31
1s3x 376 79 32
1s3x 436 258 33
1s3x 464 327 34
1s3x 388 6 34
1s3x 165 131 35
1s3x 439 179 36
1s3x 139 262 35
1s3x 332 276 35
1s3x 115 70 34
1s3x 55 83 35
1s3x 358 213 37
1s3x 309 431 36
1s3x 179 179 37
1s3x 84 338 37
1s3x 428 408 35
1s3x 71 426 37
1s3x 18 47 38
1s3x 224 88 39
1s3x 486 140 37
1s3x 243 326 37
1s3x 160 327 38
1s3x 452 429 39
1s3x 79 481 39
1s3x 53 146 38
1s3x 90 265 38
1s3x 440 273 38
1s3x 290 336 38
1s3x 229 477 39
1s3x 431 79 40
1s3x 381 115 40
1s3x 285 260 40
1s3x 222 299 41
1s3x 490 482 40
1s3x 187 62 40
1s3x 205 83 39
1s3x 489 302 42
1s3x 332 318 40
1s3x 100 496 41
1s3x 76 123 43
1s3x 470 142 43
1s3x 312 359 42
1s3x 25 455 42
1s3x 253 75 43
1s3x 433 111 43
1s3x 406 121 43
1s3x 232 159 42
1s3x 176 57 44
1s3x 78 268 43
1s3x 467 349 44
1s3x 215 312 45
1s3x 416 346 44
1s3x 17 403 45
1s3x 51 459 45
1s3x 40 156 45
1s3x 277 175 46
1s3x 138 280 47
1s3x 424 459 46
1s3x 137 114 46
1s3x 87 211 47
1s3x 159 333 47
1s3x 233 73 49
1s3x 404 143 49
1s3x 357 280 47
1s3x 203 335 47
1s3x 69 19 47
1s3x 152 262 49
1s3x 434 266 49
1s3x 506 323 49
1s3x 277 69 50
1s3x 368 190 49
1s3x 149 442 49
1s3x 388 456 50
1s3x 45 166 51
1s3x 452 307 52
1s3x 459 381 51
1s3x 375 29 52
1s3x 248 33 52
1s3x 61 87 51
1s3x 176 161 52
1s3x 192 163 51
1s3x 337 293 51
1s3x 203 471 50
1s3x 484 50 53
1s3x 362 169 53
1s3x 205 176 54
1s3x 397 446 54
1s3x 249 75 53
1s3x 362 75 54
1s3x 320 107 55
1s3x 295 124 54
1s3x 379 284 54
1s3x 8 398 53
1s3x 188 403 54
1s3x 63 233 56
1s3x 474 415 54
1s3x 235 35 56
1s3x 473 96 56
1s3x 259 254 56
1s3x 147 378 56
1s3x 428 230 57
1s3x 332 247 57
1s3x 273 409 56
1s3x 138 120 58
1s3x 130 252 58
1s3x 24 271 58
1s3x 479 12 59
1s3x 148 76 58
1s3x 188 115 58
1s3x 251 162 60
1s3x 125 78 62
1s3x 314 102 61
1s3x 296 360 62
1s3x 436 495 61
1s3x 112 185 60
1s3x 79 325 61
1s3x 444 401 61
1s3x 87 51 64
1s3x 427 173 64
1s3x 218 366 62
1s3x 188 368 63
1s3x 174 31 63
1s3x 47 137 65
1s3x 100 147 63
1s3x 445 467 64
1s3x 290 15 63
1s3x 95 188 65
1s3x 13 228 64
1s3x 399 339 65
1s3x 325 179 66
1s3x 128 191 65
1s3x 157 192 66
1s3x 480 360 66
1s3x 395 284 67
1s3x 171 330 68
1s3x 273 352 67
1s3x 227 494 66
1s3x 440 9 68
1s3x 75 22 68
1s3x 42 158 69
1s3x 442 198 68
1s3x 207 217 69
1s3x 358 268 67
1s3x 470 398 69
1s3x 388 406 68
1s3x 16 95 69
1s3x 109 57 71
1s3x 489 93 71
1s3x 488 295 71
1s3x 398 357 69
1s3x 51 408 70
1s3x 350 417 69
1s3x 42 426 69
1s3x 339 163 71
1s3x 409 221 72
1s3x 88 171 71
1s3x 88 221 71
1s3x 470 233 71
1s3x 92 250 72
1s3x 327 14 73
1s3x 238 386 72
1s3x 336 243 74
1s3x 192 449 74
1s3x 432 491 75
1s3x 453 141 76
1s3x 499 224 75
1s3x 412 343 74
1s3x 312 350 75
1s3x 171 45 76
1s3x 278 105 74
1s3x 284 121 76
1s3x 462 296 75
1s3x 366 350 75
1s3x 229 443 75
1s3x 346 493 75
1s3x 232 39 77
1s3x 325 260 76
1s3x 398 306 77
1s3x 364 381 77
1s3x 362 81 77
1s3x 418 157 78
1s3x 129 204 77
1s3x 193 299 78
1s3x 292 354 79
1s3x 76 360 78
1s3x 445 416 79
1s3x 367 46 80
1s3x 31 80 82
1s3x 169 236 82
1s3x 254 258 81
1s3x 255 348 81
1s3x 95 453 82
1s3x 313 201 84
1s3x 389 53 83
1s3x 78 118 85
1s3x 26 249 84
1s3x 27 283 85
1s3x 324 300 85
1s3x 135 25 86
1s3x 394 72 86
1s3x 333 239 86
1s3x 428 300 86
1s3x 440 350 85
1s3x 275 419 86
1s3x 431 453 86
1s3x 494 152 86
1s3x 379 154 86
1s3x 489 384 87
1s3x 162 388 87
1s3x 169 122 89
1s3x 417 331 88
1s3x 344 490 87
1s3x 301 92 89
1s3x 52 104 90
1s3x 231 365 89
1s3x 80 169 90
1s3x 375 327 91
1s3x 404 335 91
1s3x 252 305 92
1s3x 344 75 93
1s3x 344 134 91
1s3x 152 143 91
1s3x 274 211 92
1s3x 196 334 91
1s3x 160 499 93
1s3x 298 198 93
1s3x 138 210 92
1s3x 22 322 91
1s3x 113 383 93
1s3x 449 82 94
1s3x 36 250 92
1s3x 479 335 94
1s3x 412 480 94
1s3x 115 69 94
1s3x 268 167 93
1s3x 177 433 96
1s3x 84 74 96
1s3x 364 92 96
1s3x 224 159 95
1s3x 391 438 97
1s3x 265 76 98
1s3x 478 89 97
1s3x 21 208 96
1s3x 318 390 96
1s3x 405 494 98
1s3x 107 174 98
1s3x 168 87 98
1s3x 355 282 98
1s3x 63 31 100
1s3x 41 77 101
1s3x 400 108 99
1s3x 377 115 99
1s3x 44 263 101
1s3x 152 264 100
1s3x 91 324 99
1s3x 54 362 100
1s3x 374 66 102
1s3x 212 166 102
1s3x 15 36 101
1s3x 475 351 102
1s3x 109 499 102
1s3x 440 83 103
1s3x 227 354 104
1s3x 89 182 103
1s3x 436 445 105
1s3x 82 491 105
1s3x 198 94 105
1s3x 452 119 105
1s3x 400 172 105
1s3x 471 307 105
1s3x 144 334 106
1s3x 132 286 106
1s3x 5 334 105
1s3x 94 410 106
1s3x 324 225 107
1s3x 312 168 108
1s3x 22 230 107
1s3x 24 379 107
1s3x 32 116 108
1s3x 377 173 108
1s3x 344 405 110
1s3x 470 503 109
1s3x 336 360 109
1s3x 480 384 111
1s3x 444 32 111
1s3x 418 146 112
1s3x 494 158 111
1s3x 240 302 111
1s3x 290 304 112
1s3x 495 326 112
1s3x 72 39 112
1s3x 477 439 112
1s3x 319 461 114
1s3x 90 48 113
1s3x 148 66 114
1s3x 460 173 114
1s3x 32 386 113
1s3x 397 401 114
1s3x 23 504 113
1s3x 188 298 115
1s3x 203 301 114
1s3x 479 372 115
1s3x 38 53 115
1s3x 402 74 115
1s3x 103 81 114
1s3x 169 108 116
1s3x 176 284 116
1s3x 113 433 116
1s3x 322 328 115
1s3x 504 14 117
1s3x 200 35 118
1s3x 375 279 118
1s3x 135 339 118
1s3x 209 349 117
1s3x 301 437 117
1s3x 104 244 117
1s3x 146 90 120
1s3x 100 103 119
1s3x 77 102 120
1s3x 21 321 120
1s3x 291 403 120
1s3x 427 450 121
1s3x 1 120 121
1s3x 481 134 122
1s3x 288 256 122
1s3x 90 421 122
1s3x 213 410 124
1s3x 260 50 125
1s3x 374 250 124
1s3x 193 274 123
1s3x 77 342 123
1s3x 245 122 125
1s3x 480 151 125
1s3x 71 308 126
1s3x 398 462 125
1s3x 114 115 126
1s3x 224 130 126
1s3x 93 201 125
1s3x 54 310 125
1s3x 232 363 126
1s3x 101 448 127
1s3x 20 110 128
1s3x 333 233 128
1s3x 374 429 128
1s3x 204 22 128
1s3x 363 148 129
1s3x 296 468 131
1s3x 399 87 132
1s3x 64 449 131
1s3x 344 454 132
1s3x 88 474 133
1s3x 364 14 136
1s3x 263 22 136
1s3x 239 135 136
1s3x 305 324 135
1s3x 230 348 136
1s3x 134 493 136
1s3x 353 57 136
1s3x 66 123 136
1s3x 219 193 138
1s3x 321 225 137
1s3x 39 251 138
1s3x 393 370 137
1s3x 476 442 136
1s3x 177 40 138
1s3x 302 195 139
1s3x 280 199 137
1s3x 500 238 138
1s3x 200 285 138
1s3x 36 315 139
1s3x 192 272 140
1s3x 219 421 139
1s3x 194 58 141
1s3x 468 176 142
1s3x 351 302 140
1s3x 269 312 141
1s3x 430 356 142
1s3x 65 426 140
1s3x 125 81 142
1s3x 344 91 142
1s3x 259 153 142
1s3x 244 345 142
1s3x 346 387 142
1s3x 346 286 144
1s3x 156 27 144
1s3x 58 107 144
1s3x 64 204 142
1s3x 106 227 143
1s3x 188 450 143
1s3x 342 36 145
1s3x 248 168 145
1s3x 50 282 146
1s3x 256 307 145
1s3x 280 346 147
1s3x 469 35 146
1s3x 266 412 148
1s3x 311 75 147
1s3x 478 135 148
1s3x 239 140 149
1s3x 392 394 150
1s3x 29 498 149
1s3x 119 196 150
1s3x 328 224 152
1s3x 12 456 152
1s3x 208 492 150
1s3x 184 20 151
1s3x 391 323 152
1s3x 164 332 153
1s3x 39 333 153
1s3x 484 498 153
1s3x 409 99 154
1s3x 488 215 154
1s3x 45 395 154
1s3x 390 94 154
1s3x 306 438 155
1s3x 320 489 156
1s3x 250 54 157
1s3x 252 130 155
1s3x 147 173 157
1s3x 210 377 156
1s3x 1 419 156
1s3x 449 429 155
1s3x 239 466 156
1s3x 360 15 158
1s3x 39 58 157
1s3x 236 356 158
1s3x 336 471 157
1s3x 40 134 159
1s3x 292 232 159
1s3x 384 242 159
1s3x 316 410 160
1s3x 496 436 160
1s3x 144 470 160
1s3x 34 476 160
1s3x 346 474 160
1s3x 442 228 161
1s3x 319 333 161
1s3x 456 340 161
1s3x 220 452 162
1s3x 200 19 161
1s3x 483 25 163
1s3x 481 283 163
1s3x 176 346 162
1s3x 189 464 161
1s3x 33 46 163
1s3x 464 111 163
1s3x 140 332 162
1s3x 198 78 162
1s3x 297 195 163
1s3x 150 271 163
1s3x 124 284 164
1s3x 160 100 164
1s3x 433 367 164
1s3x 468 429 166
1s3x 336 92 166
1s3x 94 97 165
1s3x 44 189 165
1s3x 422 282 164
1s3x 467 401 167
1s3x 454 318 166
1s3x 26 424 168
1s3x 96 482 167
1s3x 264 146 169
1s3x 212 234 169
1s3x 431 442 170
1s3x 367 178 170
1s3x 59 374 170
1s3x 284 141 170
1s3x 116 480 171
1s3x 64 31 172
1s3x 480 55 172
1s3x 55 215 173
1s3x 340 239 173
1s3x 10 375 172
1s3x 380 448 173
1s3x 396 483 172
1s3x 242 36 172
1s3x 174 43 174
1s3x 220 180 174
1s3x 507 1 174
1s3x 224 195 174
1s3x 428 327 174
1s3x 344 80 176
1s3x 168 410 175
1s3x 158 56 177
1s3x 92 72 178
1s3x 250 156 176
1s3x 268 216 177
1s3x 462 459 177
1s3x 282 476 177
1s3x 429 28 177
1s3x 205 56 178
1s3x 393 65 176
1s3x 308 238 178
1s3x 54 350 176
1s3x 417 241 178
1s3x 288 372 179
1s3x 369 394 180
1s3x 312 110 181
1s3x 227 137 179
1s3x 144 179 180
1s3x 281 401 181
1s3x 421 434 182
1s3x 223 44 182
1s3x 311 62 181
1s3x 126 111 182
1s3x 272 286 181
1s3x 402 342 183
1s3x 430 390 182
1s3x 243 428 182
1s3x 318 129 183
1s3x 32 135 183
1s3x 448 184 183
1s3x 239 392 183
1s3x 461 78 184
1s3x 32 98 184
1s3x 221 107 183
1s3x 262 128 184
1s3x 44 242 183
1s3x 188 335 184
1s3x 435 378 184
1s3x 228 434 183
1s3x 130 130 185
1s3x 460 250 186
1s3x 340 299 185
1s3x 438 306 183
1s3x 248 160 185
1s3x 422 106 189
1s3x 136 399 189
1s3x 79 471 188
1s3x 216 55 190
1s3x 79 95 190
1s3x 354 403 190
1s3x 242 300 189
1s3x 37 88 192
1s3x 456 443 192
1s3x 223 124 193
1s3x 504 295 193
1s3x 352 453 195
1s3x 241 456 198
1s3x 41 77 198
1s3x 98 296 198
1s3x 98 362 198
1s3x 359 252 199
1s3x 120 401 199
1u6g 472 1 2
1u6g 97 35 3
1u6g 132 37 2
1u6g 248 51 4
1u6g 153 72 2
1u6g 169 88 2
1u6g 44 133 3
1u6g 56 132 2
1u6g 281 151 3
1u6g 222 173 3
1u6g 257 175 3
1u6g 165 229 2
1u6g 407 280 1
1u6g 485 336 3
1u6g 369 343 2
1u6g 357 352 2
1u6g 183 379 3
1u6g 187 397 3
1u6g 327 406 2
1u6g 348 421 2
1u6g 458 440 1
1u6g 291 444 1
1u6g 392 460 2
1u6g 33 485 2
1u6g 275 508 2
1u6g 26 509 4
1u6g 373 170 8
1u6g 411 117 9
1u6g 57 22 12
1u6g 177 322 14
1u6g 322 222 13
1u6g 295 287 17
1u6g 357 437 16
1u6g 464 450 16
1u6g 157 42 16
1u6g 187 183 19
1u6g 80 265 20
1u6g 308 17 19
1u6g 318 40 18
1u6g 191 84 16
1u6g 270 152 18
1u6g 34 340 19
1u6g 58 353 18
1u6g 465 481 18
1u6g 226 42 20
1u6g 66 56 21
1u6g 389 492 19
1u6g 284 17 22
1u6g 374 213 22
1u6g 26 236 20
1u6g 483 243 24
1u6g 366 374 23
1u6g 74 392 23
1u6g 262 455 21
1u6g 358 387 22
1u6g 371 19 23
1u6g 113 63 23
1u6g 255 173 23
1u6g 395 329 25
1u6g 208 37 23
1u6g 376 78 26
1u6g 420 109 25
1u6g 276 256 26
1u6g 144 412 25
1u6g 218 474 24
1u6g 40 40 26
1u6g 453 91 26
1u6g 224 262 25
1u6g 235 284 27
1u6g 447 327 25
1u6g 151 433 26
1u6g 55 249 30
1u6g 230 98 26
1u6g 368 195 27
1u6g 478 199 29
1u6g 280 132 28
1u6g 41 182 29
1u6g 241 451 30
1u6g 109 133 30
1u6g 255 159 31
1u6g 458 181 31
1u6g 311 300 28
1u6g 180 361 30
1u6g 405 445 29
1u6g 486 62 33
1u6g 456 72 31
1u6g 347 179 31
1u6g 379 234 30
1u6g 121 257 32
1u6g 408 269 30
1u6g 98 46 32
1u6g 86 219 31
1u6g 259 235 30
1u6g 348 371 31
1u6g 134 57 34
1u6g 108 2 33
1u6g 124 223 33
1u6g 90 312 34
1u6g 346 466 35
1u6g 163 44 35
1u6g 477 92 33
1u6g 34 168 36
1u6g 267 180 36
1u6g 162 188 35
1u6g 16 2 36
1u6g 186 84 36
1u6g 204 168 37
1u6g 142 219 38
1u6g 416 302 39
1u6g 417 18 39
1u6g 386 434 37
1u6g 257 453 39
1u6g 340 323 39
1u6g 468 335 40
1u6g 325 357 41
1u6g 138 371 40
1u6g 245 405 42
1u6g 425 427 38
1u6g 23 361 43
1u6g 469 405 41
1u6g 113 310 43
1u6g 26 454 41
1u6g 340 140 43
1u6g 218 204 44
1u6g 55 300 45
1u6g 237 97 45
1u6g 465 350 45
1u6g 161 13 44
1u6g 475 123 47
1u6g 404 315 47
1u6g 220 464 44
1u6g 411 73 47
1u6g 181 114 47
1u6g 324 418 48
1u6g 399 228 48
1u6g 169 35 51
1u6g 25 181 49
1u6g 365 441 49
1u6g 383 444 47
1u6g 21 56 50
1u6g 185 69 52
1u6g 121 77 48
1u6g 469 297 49
1u6g 187 298 52
1u6g 243 417 50
1u6g 300 1 50
1u6g 337 47 51
1u6g 391 458 49
1u6g 133 260 52
1u6g 298 442 49
1u6g 78 250 54
1u6g 152 277 54
1u6g 375 346 53
1u6g 20 413 52
1u6g 366 476 52
1u6g 156 58 53
1u6g 226 61 52
1u6g 34 170 55
1u6g 498 292 54
1u6g 509 420 53
1u6g 237 489 52
1u6g 125 150 55
1u6g 34 350 54
1u6g 99 485 53
1u6g 473 68 55
1u6g 306 171 57
1u6g 407 173 59
1u6g 402 329 57
1u6g 92 331 58
1u6g 422 422 57
1u6g 362 493 58
1u6g 31 30 59
1u6g 319 105 56
1u6g 103 212 59
1u6g 67 376 55
1u6g 402 382 54
1u6g 273 396 56
1u6g 99 472 58
1u6g 332 494 57
1u6g 316 39 58
1u6g 252 150 57
1u6g 317 152 61
1u6g 448 174 58
1u6g 29 224 60
1u6g 456 253 59
1u6g 437 371 56
1u6g 244 374 60
1u6g 177 450 57
1u6g 106 90 59
1u6g 242 141 61
1u6g 23 130 59
1u6g 416 297 61
1u6g 87 362 62
1u6g 87 412 60
1u6g 470 414 59
1u6g 124 191 62
1u6g 89 294 61
1u6g 97 128 63
1u6g 101 174 64
1u6g 333 235 63
1u6g 186 429 61
1u6g 28 253 66
1u6g 335 312 65
1u6g 112 38 65
1u6g 62 111 65
1u6g 117 487 64
1u6g 409 451 64
1u6g 419 209 69
1u6g 338 293 69
1u6g 157 483 68
1u6g 293 130 70
1u6g 274 320 69
1u6g 141 402 69
1u6g 267 405 69
1u6g 365 147 69
1u6g 172 220 69
1u6g 208 299 69
1u6g 399 20 74
1u6g 318 71 71
1u6g 403 156 71
1u6g 414 278 71
1u6g 89 431 68
1u6g 402 327 71
1u6g 468 380 74
1u6g 339 163 72
1u6g 246 166 74
1u6g 45 380 75
1u6g 353 418 75
1u6g 56 35 75
1u6g 253 196 73
1u6g 269 241 74
1u6g 285 338 73
1u6g 489 480 73
1u6g 345 87 75
1u6g 131 202 77
1u6g 207 234 74
1u6g 155 259 77
1u6g 366 353 76
1u6g 313 354 78
1u6g 341 31 78
1u6g 329 371 78
1u6g 57 225 80
1u6g 117 88 81
1u6g 111 360 81
1u6g 294 415 82
1u6g 45 477 79
1u6g 393 2 80
1u6g 90 342 82
1u6g 24 486 84
1u6g 328 274 84
1u6g 101 425 81
1u6g 344 509 85
1u6g 297 196 83
1u6g 313 200 83
1u6g 335 323 84
1u6g 297 50 85
1u6g 460 90 84
1u6g 89 281 87
1u6g 228 350 85
1u6g 141 106 85
1u6g 79 239 85
1u6g 361 381 83
1u6g 326 491 85
1u6g 179 278 86
1u6g 187 34 89
1u6g 389 55 88
1u6g 446 70 87
1u6g 482 401 89
1u6g 248 43 88
1u6g 262 164 88
1u6g 452 414 90
1u6g 215 102 87
1u6g 438 234 87
1u6g 269 293 89
1u6g 492 459 90
1u6g 205 26 92
1u6g 390 224 88
1u6g 92 312 91
1u6g 281 244 92
1u6g 20 414 93
1u6g 448 485 90
1u6g 390 25 93
1u6g 193 334 92
1u6g 162 470 93
1u6g 407 76 96
1u6g 402 166 94
1u6g 470 174 96
1u6g 407 256 93
1u6g 296 449 92
1u6g 92 461 96
1u6g 138 209 93
1u6g 161 258 92
1u6g 229 307 95
1u6g 2 324 96
1u6g 138 454 94
1u6g 251 74 95
1u6g 68 192 96
1u6g 437 474 97
1u6g 117 84 99
1u6g 475 226 99
1u6g 163 288 96
1u6g 148 316 97
1u6g 492 510 98
1u6g 469 138 101
1u6g 267 199 98
1u6g 145 467 100
1u6g 142 39 99
1u6g 105 324 102
1u6g 119 367 103
1u6g 41 266 101
1u6g 434 370 103
1u6g 157 395 102
1u6g 254 34 102
1u6g 431 72 102
1u6g 253 424 102
1u6g 425 230 104
1u6g 19 229 104
1u6g 295 246 103
1u6g 406 340 102
1u6g 353 86 104
1u6g 242 146 106
1u6g 207 206 104
1u6g 34 304 105
1u6g 214 85 106
1u6g 157 119 108
1u6g 160 136 104
1u6g 414 358 107
1u6g 452 389 104
1u6g 82 492 104
1u6g 20 157 107
1u6g 142 185 107
1u6g 162 443 105
1u6g 479 471 107
1u6g 386 17 107
1u6g 62 133 109
1u6g 310 168 105
1u6g 370 454 108
1u6g 26 34 108
1u6g 485 40 109
1u6g 22 172 107
1u6g 24 380 106
1u6g 286 208 112
1u6g 356 234 109
1u6g 130 330 110
1u6g 3 366 111
1u6g 2 408 110
1u6g 509 156 112
1u6g 198 134 115
1u6g 247 189 113
1u6g 46 375 112
1u6g 69 38 115
1u6g 417 147 113
1u6g 380 197 114
1u6g 358 292 113
1u6g 259 174 114
1u6g 149 199 116
1u6g 93 32 115
1u6g 273 273 115
1u6g 30 384 114
1u6g 371 438 117
1u6g 408 347 117
1u6g 29 480 118
1u6g 386 99 119
1u6g 184 217 117
1u6g 110 450 118
1u6g 369 250 120
1u6g 474 441 120
1u6g 25 46 121
1u6g 102 103 120
1u6g 274 165 118
1u6g 297 454 118
1u6g 222 109 119
1u6g 261 210 120
1u6g 45 211 122
1u6g 132 361 124
1u6g 180 404 123
1u6g 260 400 121
1u6g 96 444 121
1u6g 332 441 124
1u6g 414 481 123
1u6g 297 489 122
1u6g 52 54 124
1u6g 57 95 123
1u6g 454 185 124
1u6g 123 243 125
1u6g 45 332 124
1u6g 273 108 125
1u6g 214 209 125
1u6g 60 16 128
1u6g 486 28 126
1u6g 453 140 127
1u6g 55 309 126
1u6g 323 311 122
1u6g 64 328 126
1u6g 396 460 126
1u6g 328 465 125
1u6g 178 142 128
1u6g 25 230 127
1u6g 213 474 128
1u6g 350 24 128
1u6g 478 121 130
1u6g 231 122 128
1u6g 351 202 127
1u6g 281 59 129
1u6g 123 74 129
1u6g 100 259 128
1u6g 230 384 126
1u6g 244 418 128
1u6g 230 479 129
1u6g 340 335 131
1u6g 148 467 128
1u6g 492 472 129
1u6g 378 365 131
1u6g 427 493 133
1u6g 228 93 132
1u6g 357 290 133
1u6g 412 179 134
1u6g 438 244 131
1u6g 345 246 135
1u6g 241 266 133
1u6g 484 290 133
1u6g 37 146 134
1u6g 414 450 135
1u6g 316 230 133
1u6g 109 249 137
1u6g 336 48 136
1u6g 328 329 138
1u6g 42 25 135
1u6g 492 72 138
1u6g 200 327 141
1u6g 374 320 139
1u6g 138 374 138
1u6g 253 480 138
1u6g 418 256 140
1u6g 339 353 140
1u6g 221 439 142
1u6g 421 50 140
1u6g 61 319 142
1u6g 222 64 145
1u6g 135 133 140
1u6g 398 259 141
1u6g 215 358 142
1u6g 21 359 142
1u6g 154 463 142
1u6g 176 64 143
1u6g 442 406 142
1u6g 142 237 145
1u6g 141 344 144
1u6g 361 477 146
1u6g 230 220 148
1u6g 100 489 146
1u6g 133 172 147
1u6g 256 442 147
1u6g 421 220 145
1u6g 152 325 145
1u6g 86 19 149
1u6g 24 185 148
1u6g 245 198 148
1u6g 110 225 149
1u6g 190 411 148
1u6g 140 84 152
1u6g 41 113 151
1u6g 466 22 149
1u6g 349 459 148
1u6g 434 488 150
1u6g 393 27 149
1u6g 263 137 154
1u6g 494 304 150
1u6g 121 44 152
1u6g 169 74 162
1u6g 182 88 154
1u6g 20 129 154
1u6g 322 476 155
1u6g 240 105 155
1u6g 296 194 157
1u6g 141 217 155
1u6g 90 249 157
1u6g 366 357 153
1u6g 80 405 156
1u6g 245 175 156
1u6g 296 262 160
1u6g 50 329 157
1u6g 373 372 157
1u6g 239 466 156
1u6g 411 55 161
1u6g 170 304 160
1u6g 48 307 157
1u6g 288 20 160
1u6g 58 38 161
1u6g 70 86 158
1u6g 421 153 160
1u6g 52 220 159
1u6g 317 248 160
1u6g 82 441 159
1u6g 279 273 159
1u6g 213 335 160
1u6g 364 340 160
1u6g 35 510 160
1u6g 485 145 161
1u6g 197 190 160
1u6g 477 216 162
1u6g 2 377 162
1u6g 196 444 162
1u6g 21 107 160
1u6g 404 247 162
1u6g 103 296 171
1u6g 224 337 161
1u6g 437 391 162
1u6g 244 276 165
1u6g 69 332 163
1u6g 196 76 167
1u6g 366 121 165
1u6g 258 180 164
1u6g 357 450 166
1u6g 424 450 168
1u6g 83 465 167
1u6g 165 46 164
1u6g 473 62 165
1u6g 58 237 165
1u6g 421 286 165
1u6g 300 71 168
1u6g 126 128 165
1u6g 24 139 169
1u6g 19 219 169
1u6g 200 419 166
1u6g 113 457 166
1u6g 237 130 169
1u6g 460 86 170
1u6g 438 154 169
1u6g 124 311 170
1u6g 372 369 170
1u6g 242 382 167
1u6g 487 401 168
1u6g 155 424 166
1u6g 82 486 169
1u6g 368 67 172
1u6g 321 141 171
1u6g 114 337 170
1u6g 135 383 171
1u6g 44 417 170
1u6g 212 496 170
1u6g 134 115 173
1u6g 332 154 171
1u6g 412 345 171
1u6g 357 1 171
1u6g 227 176 171
1u6g 136 59 176
1u6g 360 94 172
1u6g 287 282 175
1u6g 348 427 172
1u6g 69 196 176
1u6g 142 215 175
1u6g 95 420 174
1u6g 394 254 175
1u6g 236 348 175
1u6g 182 309 174
1u6g 233 330 176
1u6g 190 334 178
1u6g 403 110 178
1u6g 276 133 178
1u6g 193 208 178
1u6g 284 244 178
1u6g 59 277 178
1u6g 388 131 179
1u6g 372 162 179
1u6g 20 415 178
1u6g 41 459 179
1u6g 75 37 180
1u6g 417 238 179
1u6g 119 468 181
1u6g 249 2 180
1u6g 261 27 178
1u6g 94 254 184
1u6g 42 279 182
1u6g 480 293 180
1u6g 179 463 178
1u6g 148 28 180
1u6g 414 158 181
1u6g 299 167 182
1u6g 69 474 185
1u6g 149 496 181
1u6g 304 120 183
1u6g 249 157 183
1u6g 409 222 183
1u6g 342 248 184
1u6g 404 85 185
1u6g 351 128 185
1u6g 142 382 188
1u6g 305 362 186
1u6g 38 510 185
1u6g 23 386 186
1u6g 202 385 191
1u6g 214 56 191
1u6g 365 241 190
1u6g 467 416 196
1u6g 337 129 197
4cr2 138 142 24
4cr2 326 254 29
4cr2 224 40 25
4cr2 452 161 31
4cr2 313 183 24
4cr2 238 433 24
4cr2 247 44 26
4cr2 361 107 31
4cr2 43 479 32
4cr2 134 319 30
4cr2 308 241 34
4cr2 375 284 30
4cr2 409 406 33
4cr2 397 471 30
4cr2 63 224 32
4cr2 85 125 34
4cr2 140 294 33
4cr2 436 32 32
4cr2 138 163 37
4cr2 229 175 34
4cr2 279 307 37
4cr2 329 452 37
4cr2 340 345 40
4cr2 59 369 36
4cr2 427 322 35
4cr2 33 433 35
4cr2 401 432 42
4cr2 360 160 39
4cr2 181 217 41
4cr2 167 268 41
4cr2 236 361 40
4cr2 388 211 41
4cr2 392 254 41
4cr2 394 52 44
4cr2 457 366 42
4cr2 447 448 42
4cr2 335 481 45
4cr2 289 49 45
4cr2 33 385 44
4cr2 247 166 46
4cr2 267 471 50
4cr2 363 258 47
4cr2 286 347 50
4cr2 351 34 52
4cr2 470 233 49
4cr2 224 383 50
4cr2 337 393 51
4cr2 171 234 53
4cr2 181 349 52
4cr2 418 478 51
4cr2 244 277 51
4cr2 315 307 52
4cr2 102 394 50
4cr2 213 154 53
4cr2 328 273 52
4cr2 385 182 58
4cr2 444 335 53
4cr2 265 205 55
4cr2 146 233 55
4cr2 65 414 57
4cr2 147 428 62
4cr2 456 44 58
4cr2 51 58 60
4cr2 196 195 63
4cr2 318 243 62
4cr2 436 145 59
4cr2 156 204 63
4cr2 231 428 59
4cr2 410 34 62
4cr2 335 348 64
4cr2 379 368 62
4cr2 307 396 63
4cr2 301 280 66
4cr2 88 103 62
4cr2 137 97 64
4cr2 468 183 66
4cr2 254 309 66
4cr2 166 271 63
4cr2 232 355 66
4cr2 379 394 65
4cr2 426 54 70
4cr2 342 456 69
4cr2 48 351 71
4cr2 382 30 71
4cr2 305 440 69
4cr2 226 204 71
4cr2 283 256 69
4cr2 173 437 72
4cr2 313 117 74
4cr2 343 110 71
4cr2 307 217 72
4cr2 110 251 71
4cr2 109 378 71
4cr2 127 438 73
4cr2 55 173 73
4cr2 110 127 75
4cr2 196 323 73
4cr2 230 326 74
4cr2 185 481 73
4cr2 413 441 76
4cr2 154 130 77
4cr2 437 393 79
4cr2 370 433 75
4cr2 311 32 77
4cr2 231 136 80
4cr2 129 173 79
4cr2 434 242 83
4cr2 365 131 82
4cr2 138 356 81
4cr2 208 460 80
4cr2 356 246 84
4cr2 285 176 84
4cr2 47 438 85
4cr2 146 83 88
4cr2 119 277 87
4cr2 429 278 88
4cr2 482 281 87
4cr2 369 168 89
4cr2 358 277 88
4cr2 418 362 88
4cr2 155 156 93
4cr2 227 68 91
4cr2 428 151 91
4cr2 342 98 93
4cr2 305 374 93
4cr2 304 332 92
4cr2 66 360 95
4cr2 185 314 95
4cr2 402 43 94
4cr2 280 114 100
4cr2 61 270 97
4cr2 39 246 98
4cr2 51 222 101
4cr2 248 326 100
4cr2 300 282 99
4cr2 276 155 107
4cr2 399 323 108
4cr2 126 387 102
4cr2 34 192 103
4cr2 322 180 106
4cr2 243 255 105
4cr2 257 379 109
4cr2 39 104 107
4cr2 32 141 109
4cr2 155 412 107
4cr2 200 57 109
4cr2 185 383 107
4cr2 309 421 108
4cr2 448 160 111
4cr2 412 413 109
4cr2 208 444 112
4cr2 261 480 109
4cr2 424 173 111
4cr2 165 222 111
4cr2 213 265 115
4cr2 266 311 113
4cr2 317 132 113
4cr2 249 351 113
4cr2 81 380 116
4cr2 331 198 118
4cr2 435 108 119
4cr2 93 166 115
4cr2 434 391 120
4cr2 418 75 120
4cr2 81 146 117
4cr2 357 128 120
4cr2 431 263 126
4cr2 296 115 120
4cr2 94 301 124
4cr2 292 33 122
4cr2 378 78 124
4cr2 276 467 124
4cr2 355 92 124
4cr2 433 365 125
4cr2 57 483 124
4cr2 361 235 126
4cr2 449 85 127
4cr2 120 291 127
4cr2 413 130 129
4cr2 117 187 127
4cr2 131 218 130
4cr2 407 221 128
4cr2 211 300 128
4cr2 320 153 132
4cr2 444 344 132
4cr2 33 466 131
4cr2 442 222 135
4cr2 406 375 128
4cr2 322 396 131
4cr2 305 94 132
4cr2 105 421 131
4cr2 104 56 136
4cr2 432 193 134
4cr2 419 398 135
4cr2 469 74 136
4cr2 351 115 134
4cr2 391 396 141
4cr2 162 275 134
4cr2 166 412 136
4cr2 169 103 138
4cr2 102 385 141
4cr2 383 58 142
4cr2 162 379 141
4cr2 301 38 145
4cr2 244 321 144
4cr2 462 269 145
4cr2 91 350 141
4cr2 108 155 145
4cr2 175 163 143
4cr2 424 113 149
4cr2 238 295 149
4cr2 322 435 147
4cr2 191 135 147
4cr2 130 310 147
4cr2 222 135 153
4cr2 77 285 151
4cr2 102 128 152
4cr2 428 463 152
4cr2 360 51 152
4cr2 301 138 154
4cr2 338 73 152
4cr2 398 290 151
4cr2 267 356 155
4cr2 32 86 152
4cr2 81 327 157
4cr2 217 415 155
4cr2 44 445 157
4cr2 446 68 158
4cr2 244 352 158
4cr2 301 288 158
4cr2 310 315 159
4cr2 385 342 157
4cr2 237 393 155
4cr2 321 53 158
4cr2 112 440 156
4cr2 461 245 158
4cr2 176 247 157
4cr2 241 419 161
4cr2 151 131 158
4cr2 479 474 158
4cr2 211 164 164
4cr2 288 403 165
4cr2 471 348 166
4cr2 132 412 165
4cr2 158 476 166
4cr2 449 301 162
4cr2 171 195 163
4cr2 280 101 166
4cr2 361 202 166
4cr2 65 396 163
4cr2 268 390 167
4cr2 133 193 169
4cr2 199 360 166
4cr2 160 413 168
4cr2 189 288 168
4cr2 409 308 171
4cr2 370 421 170
4cr2 391 221 171
4cr2 209 299 170
4cr2 342 52 172
4cr2 319 421 176
4cr2 338 478 175
4cr2 123 89 177
4cr2 340 347 179
1qvr 123 274 14
1qvr 225 353 18
1qvr 196 161 19
1qvr 23 393 20
1qvr 196 422 21
1qvr 373 351 22
1qvr 81 464 20
1qvr 138 142 24
1qvr 299 167 25
1qvr 165 290 24
1qvr 311 191 26
1qvr 255 305 26
1qvr 238 434 25
1qvr 307 114 26
1qvr 82 111 28
1qvr 67 227 29
1qvr 488 427 27
1qvr 246 44 28
1qvr 332 114 28
1qvr 324 167 29
1qvr 315 222 30
1qvr 258 475 28
1qvr 120 118 30
1qvr 141 293 34
1qvr 33 434 34
1qvr 220 440 33
1qvr 224 45 34
1qvr 22 70 36
1qvr 426 322 37
1qvr 241 318 36
1qvr 159 188 35
1qvr 108 280 37
1qvr 361 486 38
1qvr 74 48 38
1qvr 458 313 38
1qvr 246 194 39
1qvr 427 382 41
1qvr 470 405 40
1qvr 220 460 43
1qvr 249 340 44
1qvr 359 54 47
1qvr 23 360 43
1qvr 409 72 47
1qvr 300 113 47
1qvr 62 299 46
1qvr 268 27 50
1qvr 305 425 50
1qvr 195 129 52
1qvr 311 83 52
1qvr 154 166 52
1qvr 68 210 52
1qvr 212 289 52
1qvr 133 324 52
1qvr 290 42 51
1qvr 493 208 50
1qvr 219 244 51
1qvr 69 374 54
1qvr 202 479 54
1qvr 110 322 56
1qvr 105 90 57
1qvr 76 138 59
1qvr 152 146 58
1qvr 97 269 57
1qvr 85 411 57
1qvr 197 43 58
1qvr 29 84 58
1qvr 357 134 59
1qvr 436 146 59
1qvr 486 250 58
1qvr 231 431 58
1qvr 314 478 58
1qvr 491 433 60
1qvr 236 473 62
1qvr 349 352 65
1qvr 232 114 64
1qvr 459 148 65
1qvr 165 271 65
1qvr 377 394 64
1qvr 450 222 67
1qvr 265 129 65
1qvr 276 318 66
1qvr 22 466 68
1qvr 28 380 70
1qvr 102 73 73
1qvr 313 115 68
1qvr 308 221 71
1qvr 117 230 74
1qvr 229 177 71
1qvr 51 262 74
1qvr 372 321 75
1qvr 450 33 78
1qvr 256 56 77
1qvr 186 77 78
1qvr 175 170 78
1qvr 134 180 77
1qvr 177 361 78
1qvr 330 370 78
1qvr 152 450 81
1qvr 433 245 82
1qvr 209 83 82
1qvr 391 89 81
1qvr 381 294 81
1qvr 296 47 84
1qvr 83 85 88
1qvr 373 95 85
1qvr 80 237 85
1qvr 188 235 87
1qvr 309 238 86
1qvr 479 238 87
1qvr 71 416 84
1qvr 263 446 85
1qvr 396 473 85
1qvr 120 280 86
1qvr 32 57 86
1qvr 205 284 89
1qvr 147 34 89
1qvr 486 191 89
1qvr 365 217 88
1qvr 479 314 91
1qvr 263 364 91
1qvr 402 381 90
1qvr 201 410 91
1qvr 491 458 90
1qvr 275 33 90
1qvr 52 467 90
1qvr 463 119 90
1qvr 101 189 91
1qvr 91 217 93
1qvr 405 225 92
1qvr 489 346 95
1qvr 298 398 95
1qvr 47 24 94
1qvr 300 154 93
1qvr 248 215 94
1qvr 61 65 94
1qvr 324 406 96
1qvr 265 194 97
1qvr 262 130 97
1qvr 450 358 98
1qvr 299 276 98
1qvr 121 311 101
1qvr 255 32 102
1qvr 281 48 104
1qvr 371 112 101
1qvr 397 324 101
1qvr 342 147 102
1qvr 150 236 102
1qvr 343 262 104
1qvr 228 282 105
1qvr 40 285 102
1qvr 209 327 103
1qvr 252 380 101
1qvr 2 3 104
1qvr 324 113 106
1qvr 111 128 105
1qvr 425 214 105
1qvr 88 261 106
1qvr 255 291 104
1qvr 106 326 104
1qvr 319 377 105
1qvr 310 421 107
1qvr 334 80 107
1qvr 278 441 107
1qvr 408 98 109
1qvr 387 241 109
1qvr 353 315 111
1qvr 64 430 110
1qvr 404 31 111
1qvr 82 320 113
1qvr 414 415 111
1qvr 99 361 114
1qvr 134 477 111
1qvr 140 30 116
1qvr 257 213 116
1qvr 466 341 116
1qvr 132 406 118
1qvr 443 54 120
1qvr 64 282 117
1qvr 234 330 120
1qvr 378 382 120
1qvr 168 34 120
1qvr 317 38 123
1qvr 84 146 121
1qvr 48 230 122
1qvr 166 257 121
1qvr 394 275 123
1qvr 169 181 123
1qvr 55 483 123
1qvr 56 96 123
1qvr 119 484 125
1qvr 340 294 126
1qvr 444 425 127
1qvr 198 364 129
1qvr 240 73 131
1qvr 46 164 131
1qvr 166 313 131
1qvr 463 118 134
1qvr 242 267 133
1qvr 40 267 135
1qvr 412 366 133
1qvr 304 436 133
1qvr 319 149 135
1qvr 413 451 136
1qvr 28 392 134
1qvr 194 44 136
1qvr 141 60 139
1qvr 483 373 136
1qvr 166 478 138
1qvr 403 38 140
1qvr 136 131 139
1qvr 207 235 137
1qvr 407 318 140
1qvr 410 151 141
1qvr 174 166 142
1qvr 389 415 142
1qvr 164 413 139
1qvr 153 456 142
1qvr 470 456 142
1qvr 298 240 143
1qvr 49 64 145
1qvr 234 82 145
1qvr 312 166 146
1qvr 41 230 146
1qvr 221 312 145
1qvr 326 463 145
1qvr 319 355 146
1qvr 461 317 147
1qvr 269 227 146
1qvr 126 302 147
1qvr 365 359 149
1qvr 290 68 150
1qvr 413 334 153
1qvr 102 24 153
1qvr 436 37 153
1qvr 298 105 153
1qvr 479 124 153
1qvr 205 217 154
1qvr 381 220 152
1qvr 344 509 152
1qvr 312 217 155
1qvr 467 98 155
1qvr 145 109 157
1qvr 218 238 154
1qvr 180 123 157
1qvr 480 321 158
1qvr 435 336 158
1qvr 320 56 156
1qvr 243 175 156
1qvr 340 287 160
1qvr 350 395 158
1qvr 113 493 156
1qvr 482 475 161
1qvr 395 70 160
1qvr 129 463 161
1qvr 107 109 163
1qvr 264 246 163
1qvr 295 263 159
1qvr 136 357 164
1qvr 133 324 164
1qvr 108 411 162
1qvr 295 450 163
1qvr 386 401 165
1qvr 115 357 166
1qvr 61 370 165
1qvr 100 273 167
1qvr 337 328 168
1qvr 293 222 170
1qvr 189 290 168
1qvr 413 348 169
1qvr 137 260 171
1qvr 341 55 171
1qvr 238 257 171
1qvr 442 405 171
1qvr 170 149 174
1qvr 253 329 175
1qvr 169 438 175
1qvr 232 474 172
1qvr 332 473 174
1qvr 183 62 175
1qvr 70 71 176
1qvr 319 425 174
1qvr 190 35 177
1qvr 126 90 177
1qvr 99 297 176
1qvr 407 417 177
1qvr 129 482 178
1qvr 18 290 178
1qvr 419 430 179
1qvr 59 445 180
3h84 124 2 4
3h84 19 42 3
3h84 164 106 1
3h84 385 269 3
3h84 1 189 4
3h84 321 224 10
3h84 73 20 12
3h84 109 51 11
3h84 205 204 11
3h84 184 293 15
3h84 364 443 11
3h84 295 287 17
3h84 320 465 16
3h84 344 158 18
3h84 263 456 19
3h84 192 84 15
3h84 317 40 17
3h84 398 354 18
3h84 269 361 18
3h84 467 480 17
3h84 391 492 22
3h84 135 178 20
3h84 158 249 19
3h84 181 411 19
3h84 351 416 19
3h84 467 89 21
3h84 85 433 20
3h84 421 90 24
3h84 81 181 22
3h84 236 286 22
3h84 364 387 24
3h84 431 418 23
3h84 81 460 22
3h84 377 76 21
3h84 219 473 23
3h84 114 65 24
3h84 453 92 24
3h84 286 19 24
3h84 231 103 26
3h84 294 79 27
3h84 414 131 25
3h84 41 36 28
3h84 97 119 26
3h84 110 133 28
3h84 84 219 27
3h84 304 330 26
3h84 258 70 28
3h84 343 184 27
3h84 106 222 30
3h84 286 235 27
3h84 310 300 29
3h84 299 409 31
3h84 461 378 30
3h84 290 130 33
3h84 96 332 31
3h84 122 256 32
3h84 88 486 32
3h84 135 57 35
3h84 115 423 32
3h84 270 454 35
3h84 465 465 34
3h84 183 85 38
3h84 204 168 38
3h84 428 428 37
3h84 341 295 36
3h84 335 321 39
3h84 29 346 38
3h84 294 54 37
3h84 279 73 38
3h84 383 112 38
3h84 269 180 36
3h84 452 294 41
3h84 242 393 40
3h84 89 265 40
3h84 306 391 40
3h84 192 455 39
3h84 160 15 42
3h84 338 142 42
3h84 406 145 44
3h84 245 405 42
3h84 270 433 41
3h84 22 451 42
3h84 180 470 39
3h84 489 302 41
3h84 233 152 40
3h84 184 160 41
3h84 496 226 42
3h84 51 464 43
3h84 285 237 43
3h84 77 272 46
3h84 431 270 46
3h84 459 312 44
3h84 390 325 45
3h84 431 113 44
3h84 17 404 45
3h84 181 114 47
3h84 26 358 45
3h84 321 52 49
3h84 411 341 47
3h84 383 444 48
3h84 446 283 50
3h84 376 308 48
3h84 391 459 48
3h84 32 489 50
3h84 372 24 51
3h84 24 182 49
3h84 495 292 51
3h84 82 450 50
3h84 442 484 48
3h84 62 86 50
3h84 490 160 51
3h84 34 329 50
3h84 376 346 53
3h84 269 397 53
3h84 20 413 53
3h84 86 430 52
3h84 365 476 51
3h84 413 25 52
3h84 33 171 54
3h84 340 45 53
3h84 446 74 54
3h84 79 250 55
3h84 24 266 55
3h84 285 292 54
3h84 317 104 58
3h84 206 176 54
3h84 99 274 57
3h84 402 382 55
3h84 264 456 56
3h84 172 32 59
3h84 437 370 56
3h84 258 253 55
3h84 86 414 61
3h84 110 457 57
3h84 104 211 61
3h84 417 296 59
3h84 362 19 62
3h84 91 297 60
3h84 440 298 61
3h84 76 322 62
3h84 436 496 61
3h84 98 128 62
3h84 100 176 62
3h84 286 194 63
3h84 424 262 64
3h84 415 391 66
3h84 373 42 66
3h84 126 190 64
3h84 371 245 65
3h84 119 264 67
3h84 277 317 67
3h84 114 489 65
3h84 267 354 64
3h84 405 362 64
3h84 254 402 64
3h84 55 104 66
3h84 59 111 65
3h84 293 131 65
3h84 208 134 69
3h84 367 149 68
3h84 321 179 66
3h84 318 194 65
3h84 172 329 66
3h84 480 359 65
3h84 71 25 67
3h84 326 27 67
3h84 55 95 66
3h84 89 432 67
3h84 157 483 68
3h84 444 193 68
3h84 172 221 68
3h84 270 241 72
3h84 387 316 68
3h84 486 320 68
3h84 186 401 69
3h84 252 409 68
3h84 321 75 68
3h84 202 191 68
3h84 89 480 71
3h84 486 97 70
3h84 225 232 69
3h84 99 466 71
3h84 486 22 74
3h84 346 87 74
3h84 448 261 73
3h84 182 340 70
3h84 254 196 74
3h84 237 386 72
3h84 87 170 73
3h84 300 250 75
3h84 286 336 75
3h84 45 381 73
3h84 42 451 73
3h84 220 483 75
3h84 365 355 75
3h84 441 52 76
3h84 282 103 74
3h84 88 157 77
3h84 321 264 76
3h84 463 300 77
3h84 509 476 76
3h84 449 74 75
3h84 133 204 76
3h84 338 203 76
3h84 209 233 75
3h84 157 261 78
3h84 356 53 76
3h84 41 98 80
3h84 499 223 76
3h84 209 81 81
3h84 481 258 80
3h84 209 340 79
3h84 224 34 77
3h84 343 294 81
3h84 240 266 80
3h84 367 46 81
3h84 251 352 82
3h84 318 381 81
3h84 418 96 81
3h84 178 274 84
3h84 141 106 85
3h84 389 55 89
3h84 89 139 85
3h84 458 213 83
3h84 20 321 87
3h84 96 453 83
3h84 327 491 85
3h84 101 39 86
3h84 490 193 86
3h84 439 349 84
3h84 421 477 89
3h84 377 70 88
3h84 18 71 87
3h84 215 103 91
3h84 492 157 87
3h84 485 362 87
3h84 76 40 89
3h84 186 56 87
3h84 335 324 87
3h84 79 333 89
3h84 90 458 87
3h84 433 303 88
3h84 167 401 87
3h84 266 431 88
3h84 206 28 92
3h84 391 224 89
3h84 22 414 90
3h84 409 301 92
3h84 64 120 91
3h84 402 165 93
3h84 72 214 92
3h84 60 389 91
3h84 388 408 92
3h84 112 377 93
3h84 99 76 95
3h84 114 446 93
3h84 118 66 96
3h84 85 69 96
3h84 470 174 94
3h84 436 182 97
3h84 433 73 101
3h84 267 197 96
3h84 476 432 96
3h84 20 208 96
3h84 220 497 96
3h84 143 40 101
3h84 323 73 97
3h84 262 84 98
3h84 389 104 100
3h84 432 283 98
3h84 117 312 100
3h84 466 403 101
3h84 21 158 104
3h84 361 313 100
3h84 41 125 105
3h84 18 172 105
3h84 376 212 101
3h84 426 214 103
3h84 439 84 103
3h84 205 322 103
3h84 110 332 103
3h84 451 390 104
3h84 27 376 106
3h84 462 397 102
3h84 92 407 105
3h84 396 173 108
3h84 32 304 104
3h84 434 372 105
3h84 162 444 104
3h84 485 42 108
3h84 369 451 107
3h84 171 194 108
3h84 359 238 108
3h84 274 235 110
3h84 242 304 110
3h84 140 317 109
3h84 129 327 110
3h84 49 376 108
3h84 201 419 109
3h84 415 144 111
3h84 408 300 110
3h84 362 360 110
3h84 480 385 110
3h84 310 219 111
3h84 184 295 113
3h84 333 356 112
3h84 106 84 113
3h84 200 134 113
3h84 60 132 111
3h84 103 288 112
3h84 358 291 113
3h84 490 330 112
3h84 70 38 113
3h84 261 173 112
3h84 281 301 112
3h84 102 363 112
3h84 150 61 114
3h84 341 215 115
3h84 149 256 113
3h84 63 284 117
3h84 481 459 116
3h84 79 166 115
3h84 436 203 116
3h84 239 462 115
3h84 30 480 117
3h84 387 100 119
3h84 330 381 120
3h84 299 455 118
3h84 1 115 118
3h84 371 250 122
3h84 484 494 119
3h84 434 139 122
3h84 199 176 121
3h84 143 88 122
3h84 173 126 120
3h84 50 275 120
3h84 29 380 120
3h84 123 461 121
3h84 297 489 121
3h84 393 271 121
3h84 396 278 121
3h84 56 421 125
3h84 57 484 123
3h84 408 214 122
3h84 189 273 125
3h84 277 166 123
3h84 112 108 125
3h84 454 184 124
3h84 56 308 125
3h84 228 381 126
3h84 105 467 125
3h84 72 307 125
3h84 22 468 126
3h84 216 475 124
3h84 93 201 127
3h84 30 441 127
3h84 303 23 128
3h84 124 72 129
3h84 147 309 129
3h84 339 336 131
3h84 377 366 131
3h84 297 67 133
3h84 266 335 131
3h84 370 118 131
3h84 438 245 131
3h84 309 120 136
3h84 97 196 132
3h84 318 229 135
3h84 241 267 135
3h84 449 313 137
3h84 66 449 131
3h84 263 16 135
3h84 212 23 132
3h84 378 282 137
3h84 341 478 134
3h84 424 418 134
3h84 98 97 135
3h84 245 207 136
3h84 364 13 136
3h84 484 209 139
3h84 66 469 139
3h84 424 53 140
3h84 156 207 141
3h84 281 127 140
3h84 39 134 136
3h84 444 247 137
3h84 375 254 137
3h84 139 346 142
3h84 483 146 140
3h84 238 153 140
3h84 416 254 140
3h84 396 262 140
3h84 26 360 141
3h84 213 360 140
3h84 49 67 142
3h84 187 207 142
3h84 247 353 139
3h84 491 22 142
3h84 468 176 141
3h84 181 194 140
3h84 30 346 141
3h84 155 462 142
3h84 126 73 144
3h84 130 170 145
3h84 386 247 145
3h84 346 286 144
3h84 363 475 146
3h84 366 359 149
3h84 346 424 148
3h84 393 91 150
3h84 41 443 148
3h84 196 117 149
3h84 141 383 148
3h84 434 487 150
3h84 286 194 149
3h84 373 463 153
3h84 142 217 153
3h84 111 225 149
3h84 40 397 149
3h84 263 137 154
3h84 362 315 154
3h84 479 248 152
3h84 58 283 152
3h84 354 460 153
3h84 182 90 156
3h84 416 279 154
3h84 390 323 153
3h84 175 436 154
3h84 403 449 153
3h84 242 104 154
3h84 198 190 159
3h84 46 307 157
3h84 322 475 155
3h84 271 494 155
3h84 245 174 159
3h84 454 333 157
3h84 289 21 159
3h84 17 130 156
3h84 488 76 157
3h84 366 228 158
3h84 237 251 159
3h84 212 337 159
3h84 249 148 159
3h84 404 166 157
3h84 53 218 159
3h84 289 235 163
3h84 169 74 164
3h84 405 146 160
3h84 259 180 160
3h84 476 216 161
3h84 316 410 159
3h84 367 483 161
3h84 166 28 163
3h84 64 145 161
3h84 108 298 162
3h84 22 108 160
3h84 108 416 160
3h84 404 467 162
3h84 112 479 164
3h84 433 368 163
3h84 199 77 165
3h84 96 92 167
3h84 437 263 163
3h84 189 447 165
3h84 164 2 163
3h84 422 283 164
3h84 329 52 166
3h84 476 64 164
3h84 367 121 165
3h84 44 193 166
3h84 84 206 165
3h84 113 339 167
3h84 315 382 167
3h84 410 460 164
3h84 98 356 168
3h84 241 382 167
3h84 266 151 169
3h84 84 390 173
3h84 183 419 170
3h84 241 460 168
3h84 149 93 173
3h84 333 154 171
3h84 205 226 174
3h84 196 394 174
3h84 135 59 177
3h84 61 308 175
3h84 498 347 173
3h84 384 96 176
3h84 384 132 175
3h84 192 208 178
3h84 23 339 178
3h84 96 440 176
3h84 369 66 175
3h84 461 75 179
3h84 71 196 177
3h84 419 277 178
3h84 63 277 176
3h84 233 330 176
3h84 211 376 178
3h84 470 20 179
3h84 259 28 180
3h84 84 47 178
3h84 285 329 179
3h84 175 486 178
3h84 106 491 178
3h84 455 279 181
3h84 43 460 181
3h84 44 244 184
3h84 246 160 183
3h84 42 280 183
3h84 204 329 183
3h84 401 342 182
3h84 430 389 184
3h84 152 62 184
3h84 302 140 187
2cg9 132 39 2
2cg9 364 56 2
2cg9 154 72 2
2cg9 170 89 2
2cg9 238 313 2
2cg9 485 337 2
2cg9 118 362 1
2cg9 30 385 2
2cg9 57 435 2
2cg9 205 510 7
2cg9 213 100 8
2cg9 425 22 9
2cg9 59 23 11
2cg9 412 118 11
2cg9 108 230 12
2cg9 231 64 13
2cg9 158 42 15
2cg9 81 266 15
2cg9 465 450 15
2cg9 134 96 15
2cg9 178 129 16
2cg9 33 20 17
2cg9 330 158 17
2cg9 44 450 18
2cg9 181 29 18
2cg9 58 354 18
2cg9 226 43 20
2cg9 144 45 20
2cg9 35 340 20
2cg9 86 433 20
2cg9 419 110 24
2cg9 418 167 22
2cg9 256 173 23
2cg9 75 393 23
2cg9 371 19 23
2cg9 453 90 25
2cg9 276 256 26
2cg9 206 88 26
2cg9 430 125 26
2cg9 429 183 26
2cg9 22 333 28
2cg9 146 410 26
2cg9 151 433 26
2cg9 243 252 28
2cg9 394 330 27
2cg9 288 135 29
2cg9 444 197 30
2cg9 254 160 29
2cg9 309 301 29
2cg9 461 378 30
2cg9 405 444 31
2cg9 97 46 32
2cg9 486 61 32
2cg9 241 453 31
2cg9 163 188 34
2cg9 120 257 33
2cg9 317 20 34
2cg9 164 130 34
2cg9 380 131 34
2cg9 465 465 34
2cg9 347 467 34
2cg9 298 70 35
2cg9 444 107 36
2cg9 141 220 36
2cg9 140 373 36
2cg9 202 385 35
2cg9 439 274 37
2cg9 17 47 38
2cg9 30 347 38
2cg9 228 477 39
2cg9 469 335 40
2cg9 451 256 40
2cg9 509 179 44
2cg9 365 84 42
2cg9 114 310 43
2cg9 311 357 42
2cg9 328 357 43
2cg9 239 98 44
2cg9 404 316 46
2cg9 402 348 43
2cg9 349 410 46
2cg9 142 97 46
2cg9 475 123 46
2cg9 184 153 47
2cg9 136 114 47
2cg9 48 125 50
2cg9 388 155 48
2cg9 399 228 49
2cg9 222 328 48
2cg9 105 403 47
2cg9 62 86 50
2cg9 70 152 50
2cg9 193 164 51
2cg9 26 182 49
2cg9 197 423 48
2cg9 509 421 50
2cg9 226 2 52
2cg9 226 62 52
2cg9 184 70 52
2cg9 504 145 51
2cg9 275 364 53
2cg9 267 399 51
2cg9 99 486 53
2cg9 187 325 54
2cg9 454 100 55
2cg9 279 189 54
2cg9 76 252 54
2cg9 34 349 55
2cg9 297 236 54
2cg9 438 371 56
2cg9 204 408 58
2cg9 422 424 56
2cg9 102 276 57
2cg9 316 40 59
2cg9 454 254 58
2cg9 238 257 58
2cg9 99 472 58
2cg9 446 175 59
2cg9 353 231 58
2cg9 186 115 58
2cg9 186 429 62
2cg9 241 141 62
2cg9 317 153 62
2cg9 434 492 61
2cg9 302 54 62
2cg9 99 147 63
2cg9 282 164 62
2cg9 467 412 61
2cg9 288 141 65
2cg9 126 191 64
2cg9 445 468 64
2cg9 498 111 65
2cg9 238 235 62
2cg9 495 392 65
2cg9 322 180 66
2cg9 42 273 67
2cg9 141 402 68
2cg9 172 221 67
2cg9 208 299 69
2cg9 387 317 68
2cg9 340 18 70
2cg9 111 306 70
2cg9 487 97 71
2cg9 405 158 71
2cg9 510 342 71
2cg9 159 105 75
2cg9 281 105 75
2cg9 254 195 74
2cg9 447 262 74
2cg9 58 34 75
2cg9 285 120 75
2cg9 24 228 76
2cg9 156 258 76
2cg9 192 299 77
2cg9 366 353 76
2cg9 509 478 77
2cg9 232 39 76
2cg9 218 479 78
2cg9 509 246 78
2cg9 44 327 79
2cg9 100 426 81
2cg9 394 1 80
2cg9 111 360 81
2cg9 117 89 82
2cg9 509 438 84
2cg9 260 236 84
2cg9 40 394 85
2cg9 166 402 86
2cg9 344 509 85
2cg9 19 72 86
2cg9 70 461 84
2cg9 27 431 86
2cg9 432 302 87
2cg9 188 35 89
2cg9 431 453 87
2cg9 100 468 88
2cg9 282 243 91
2cg9 194 334 91
2cg9 390 25 92
2cg9 63 120 91
2cg9 138 209 93
2cg9 71 218 93
2cg9 509 268 92
2cg9 408 303 92
2cg9 160 499 92
2cg9 68 193 95
2cg9 408 258 94
2cg9 488 260 93
2cg9 229 308 95
2cg9 267 426 94
2cg9 139 455 94
2cg9 170 509 94
2cg9 310 310 95
2cg9 479 336 94
2cg9 224 428 95
2cg9 148 317 98
2cg9 475 432 96
2cg9 282 457 97
2cg9 493 510 97
2cg9 142 497 99
2cg9 468 139 101
2cg9 42 266 101
2cg9 287 313 99
2cg9 295 31 100
2cg9 376 217 101
2cg9 21 455 103
2cg9 208 207 103
2cg9 441 509 103
2cg9 163 83 105
2cg9 352 87 104
2cg9 21 158 105
2cg9 19 229 105
2cg9 435 372 105
2cg9 392 2 106
2cg9 213 86 105
2cg9 33 36 107
2cg9 311 167 106
2cg9 358 394 106
2cg9 387 509 105
2cg9 509 27 108
2cg9 440 124 107
2cg9 2 409 110
2cg9 372 25 110
2cg9 474 74 109
2cg9 494 156 109
2cg9 509 157 110
2cg9 256 84 111
2cg9 155 104 112
2cg9 260 174 113
2cg9 452 282 112
2cg9 181 293 110
2cg9 360 158 113
2cg9 150 201 113
2cg9 147 66 114
2cg9 439 206 116
2cg9 340 219 115
2cg9 411 273 117
2cg9 153 380 115
2cg9 92 33 115
2cg9 181 217 116
2cg9 367 249 119
2cg9 484 495 119
2cg9 164 90 119
2cg9 50 275 120
2cg9 102 103 120
2cg9 433 140 121
2cg9 318 282 121
2cg9 3 377 120
2cg9 181 406 122
2cg9 145 89 121
2cg9 251 369 121
2cg9 90 421 121
2cg9 259 50 124
2cg9 455 184 124
2cg9 45 333 124
2cg9 327 466 124
2cg9 256 189 125
2cg9 104 472 126
2cg9 303 22 127
2cg9 311 59 126
2cg9 179 143 127
2cg9 310 201 127
2cg9 351 202 127
2cg9 55 309 126
2cg9 317 367 126
2cg9 282 60 128
2cg9 232 121 129
2cg9 452 140 127
2cg9 396 193 128
2cg9 147 312 129
2cg9 509 397 129
2cg9 244 418 128
2cg9 474 153 131
2cg9 158 170 132
2cg9 275 193 132
2cg9 322 211 132
2cg9 358 291 132
2cg9 372 397 133
2cg9 296 468 131
2cg9 267 339 133
2cg9 425 419 134
2cg9 345 246 134
2cg9 321 251 134
2cg9 167 13 135
2cg9 492 72 137
2cg9 308 372 136
2cg9 139 375 137
2cg9 232 489 138
2cg9 425 55 139
2cg9 328 329 139
2cg9 239 230 140
2cg9 349 303 140
2cg9 214 359 142
2cg9 335 283 143
2cg9 483 408 142
2cg9 117 25 143
2cg9 276 288 145
2cg9 492 326 145
2cg9 24 187 146
2cg9 267 267 147
2cg9 170 292 146
2cg9 153 326 146
2cg9 26 331 147
2cg9 367 432 148
2cg9 423 220 147
2cg9 103 510 147
2cg9 85 19 150
2cg9 370 116 148
2cg9 140 383 148
2cg9 434 390 149
2cg9 191 412 148
2cg9 200 448 149
2cg9 351 459 150
2cg9 12 456 152
2cg9 55 22 152
2cg9 27 286 152
2cg9 156 310 151
2cg9 390 323 152
2cg9 77 379 153
2cg9 172 388 153
2cg9 402 449 153
2cg9 154 392 154
2cg9 259 13 154
2cg9 311 18 154
2cg9 59 72 158
2cg9 91 249 156
2cg9 134 118 157
2cg9 58 39 160
2cg9 232 449 158
2cg9 316 249 160
2cg9 81 442 158
2cg9 456 2 160
2cg9 403 468 163
2cg9 404 247 164
2cg9 466 27 166
2cg9 160 101 164
2cg9 328 180 164
2cg9 164 47 164
2cg9 43 196 166
2cg9 84 206 166
2cg9 487 400 168
2cg9 291 472 167
2cg9 196 484 167
2cg9 83 392 167
2cg9 105 510 166
2cg9 44 417 170
2cg9 423 451 167
2cg9 196 76 169
2cg9 323 140 169
2cg9 82 61 169
2cg9 374 370 171
2cg9 367 68 172
2cg9 226 177 172
2cg9 142 215 174
2cg9 14 326 172
2cg9 271 334 172
2cg9 60 418 171
2cg9 94 420 173
2cg9 149 98 175
2cg9 282 299 173
2cg9 428 328 174
2cg9 69 473 175
2cg9 387 131 177
2cg9 393 291 177
2cg9 234 331 176
2cg9 382 493 176
2cg9 211 376 177
2cg9 96 440 177
2cg9 294 376 179
2cg9 307 236 179
2cg9 347 26 181
2cg9 87 86 182
2cg9 480 294 180
2cg9 121 469 180
2cg9 249 60 180
2cg9 33 136 183
2cg9 408 224 183
2cg9 342 248 184
2cg9 196 283 183
2cg9 208 337 183
2cg9 450 337 184
2cg9 56 377 185
2cg9 305 17 186
2cg9 485 509 187
2cg9 366 241 189
2cg9 123 494 189
2cg9 216 55 189
2cg9 80 435 190
2cg9 152 332 191
2cg9 296 346 192
2cg9 144 478 193
2cg9 212 2 197
2cg9 294 55 197
2cg9 194 220 197
2cg9 123 327 197
2cg9 445 418 197
2cg9 45 131 198
3qm1 272 159 1
3qm1 366 509 1
3qm1 18 42 3
3qm1 294 496 6
3qm1 331 145 10
3qm1 59 22 10
3qm1 171 97 10
3qm1 321 224 11
3qm1 239 15 11
3qm1 412 55 11
3qm1 124 60 11
3qm1 459 74 12
3qm1 364 444 11
3qm1 73 20 12
3qm1 88 295 12
3qm1 489 331 11
3qm1 153 481 12
3qm1 136 96 14
3qm1 210 126 15
3qm1 127 221 14
3qm1 297 288 13
3qm1 466 12 15
3qm1 472 141 16
3qm1 93 269 14
3qm1 319 378 15
3qm1 178 427 15
3qm1 77 36 17
3qm1 173 324 15
3qm1 43 449 17
3qm1 325 465 16
3qm1 228 135 17
3qm1 358 169 18
3qm1 188 295 17
3qm1 387 313 18
3qm1 458 106 18
3qm1 158 249 20
3qm1 283 323 18
3qm1 241 398 18
3qm1 494 303 18
3qm1 143 332 18
3qm1 225 1 19
3qm1 264 126 21
3qm1 418 166 21
3qm1 135 182 20
3qm1 25 387 20
3qm1 348 77 21
3qm1 314 154 22
3qm1 241 325 21
3qm1 348 419 20
3qm1 356 438 20
3qm1 421 87 22
3qm1 445 141 23
3qm1 500 315 21
3qm1 186 409 22
3qm1 235 419 23
3qm1 146 488 22
3qm1 222 59 23
3qm1 78 71 24
3qm1 270 99 23
3qm1 26 460 24
3qm1 56 120 24
3qm1 414 130 24
3qm1 479 306 24
3qm1 220 417 24
3qm1 97 119 26
3qm1 22 194 26
3qm1 418 373 27
3qm1 94 487 27
3qm1 395 492 26
3qm1 40 43 26
3qm1 111 139 26
3qm1 184 265 28
3qm1 164 454 28
3qm1 244 96 27
3qm1 250 415 28
3qm1 68 458 27
3qm1 42 31 29
3qm1 287 134 29
3qm1 254 161 29
3qm1 259 71 29
3qm1 103 85 30
3qm1 182 169 30
3qm1 310 302 29
3qm1 349 373 29
3qm1 128 179 31
3qm1 381 234 30
3qm1 64 304 32
3qm1 118 426 32
3qm1 357 133 33
3qm1 332 277 34
3qm1 465 327 33
3qm1 129 361 32
3qm1 299 405 32
3qm1 465 465 34
3qm1 165 131 35
3qm1 139 262 34
3qm1 303 285 33
3qm1 448 509 34
3qm1 71 426 37
3qm1 178 179 37
3qm1 440 273 37
3qm1 84 339 37
3qm1 29 346 38
3qm1 206 84 38
3qm1 224 88 39
3qm1 486 140 36
3qm1 89 266 39
3qm1 160 326 38
3qm1 290 337 37
3qm1 424 428 37
3qm1 452 429 38
3qm1 229 477 39
3qm1 18 47 37
3qm1 187 62 40
3qm1 231 158 40
3qm1 285 260 39
3qm1 222 299 40
3qm1 489 302 41
3qm1 261 431 40
3qm1 489 482 40
3qm1 431 79 40
3qm1 365 85 41
3qm1 312 359 42
3qm1 100 496 41
3qm1 53 95 45
3qm1 433 112 43
3qm1 470 142 43
3qm1 78 268 42
3qm1 484 1 44
3qm1 176 57 44
3qm1 47 287 45
3qm1 416 347 44
3qm1 467 349 43
3qm1 37 451 44
3qm1 51 460 45
3qm1 137 114 46
3qm1 17 404 45
3qm1 141 95 46
3qm1 138 280 46
3qm1 216 358 46
3qm1 510 393 45
3qm1 425 459 46
3qm1 87 212 47
3qm1 357 281 47
3qm1 31 487 47
3qm1 404 143 48
3qm1 152 262 48
3qm1 149 442 49
3qm1 151 460 49
3qm1 434 267 49
3qm1 278 69 50
3qm1 62 86 51
3qm1 336 294 50
3qm1 411 25 50
3qm1 374 29 52
3qm1 45 166 52
3qm1 509 422 50
3qm1 341 15 52
3qm1 248 33 53
3qm1 472 68 52
3qm1 176 162 52
3qm1 273 204 51
3qm1 452 307 52
3qm1 459 381 51
3qm1 456 439 52
3qm1 239 488 52
3qm1 362 76 53
3qm1 187 403 54
3qm1 249 75 52
3qm1 362 169 53
3qm1 206 176 53
3qm1 63 234 56
3qm1 378 284 54
3qm1 92 333 55
3qm1 401 384 54
3qm1 85 432 55
3qm1 331 247 57
3qm1 258 253 56
3qm1 493 264 57
3qm1 273 409 56
3qm1 233 291 56
3qm1 438 373 56
3qm1 110 458 57
3qm1 187 115 58
3qm1 138 120 58
3qm1 130 253 57
3qm1 479 12 59
3qm1 315 40 60
3qm1 251 162 59
3qm1 205 410 58
3qm1 296 359 62
3qm1 436 495 61
3qm1 290 15 63
3qm1 174 31 62
3qm1 125 78 61
3qm1 100 146 62
3qm1 352 189 61
3qm1 238 234 62
3qm1 35 316 61
3qm1 362 25 63
3qm1 47 137 64
3qm1 12 228 64
3qm1 188 368 63
3qm1 411 394 63
3qm1 87 51 64
3qm1 427 174 64
3qm1 94 189 65
3qm1 399 339 65
3qm1 495 393 65
3qm1 254 402 63
3qm1 445 467 64
3qm1 288 141 65
3qm1 157 45 65
3qm1 293 130 66
3qm1 164 155 65
3qm1 395 284 67
3qm1 274 352 66
3qm1 226 494 66
3qm1 499 112 66
3qm1 325 179 66
3qm1 89 433 68
3qm1 43 158 69
3qm1 442 198 68
3qm1 207 217 68
3qm1 470 399 68
3qm1 298 410 68
3qm1 75 23 68
3qm1 489 296 70
3qm1 370 40 69
3qm1 12 114 71
3qm1 339 163 71
3qm1 89 221 71
3qm1 224 232 69
3qm1 470 233 71
3qm1 398 357 69
3qm1 186 396 70
3qm1 252 409 68
3qm1 109 58 71
3qm1 238 386 72
3qm1 489 93 71
3qm1 409 221 72
3qm1 93 250 73
3qm1 192 449 73
3qm1 279 105 74
3qm1 58 34 74
3qm1 441 57 73
3qm1 2 76 73
3qm1 27 153 75
3qm1 346 493 75
3qm1 489 20 76
3qm1 171 45 76
3qm1 499 224 76
3qm1 432 492 75
3qm1 40 97 77
3qm1 284 121 76
3qm1 120 171 76
3qm1 22 227 75
3qm1 364 381 75
3qm1 36 456 77
3qm1 232 39 77
3qm1 325 260 76
3qm1 193 299 78
3qm1 287 336 77
3qm1 417 157 77
3qm1 337 203 77
3qm1 130 204 77
3qm1 292 354 79
3qm1 76 360 79
3qm1 446 417 78
3qm1 367 47 80
3qm1 482 253 78
3qm1 31 80 81
3qm1 354 98 80
3qm1 242 266 81
3qm1 255 348 82
3qm1 260 236 83
3qm1 96 453 82
3qm1 26 284 84
3qm1 78 118 85
3qm1 26 250 84
3qm1 101 39 86
3qm1 313 201 84
3qm1 470 219 85
3qm1 333 239 85
3qm1 324 301 84
3qm1 440 350 85
3qm1 186 56 87
3qm1 86 143 85
3qm1 27 431 85
3qm1 431 453 86
3qm1 136 25 87
3qm1 248 45 87
3qm1 493 153 86
3qm1 344 490 86
3qm1 82 332 89
3qm1 162 388 87
3qm1 314 445 88
3qm1 53 104 89
3qm1 169 122 89
3qm1 79 169 90
3qm1 375 327 90
3qm1 88 422 90
3qm1 63 120 90
3qm1 431 209 90
3qm1 22 322 90
3qm1 138 210 93
3qm1 274 211 92
3qm1 71 219 93
3qm1 252 305 92
3qm1 159 499 93
3qm1 374 353 93
3qm1 113 383 93
3qm1 344 76 93
3qm1 407 257 93
3qm1 84 74 95
3qm1 317 76 94
3qm1 224 159 95
3qm1 478 335 94
3qm1 177 433 96
3qm1 363 92 96
3qm1 68 194 96
3qm1 391 438 97
3qm1 220 497 97
3qm1 478 90 97
3qm1 433 310 97
3qm1 118 367 98
3qm1 265 77 97
3qm1 107 173 98
3qm1 355 282 98
3qm1 91 324 99
3qm1 405 494 98
3qm1 152 264 100
3qm1 63 32 100
3qm1 16 36 101
3qm1 361 313 101
3qm1 374 66 101
3qm1 212 167 101
3qm1 439 83 103
3qm1 89 182 102
3qm1 113 221 100
3qm1 227 354 103
3qm1 453 386 101
3qm1 431 72 104
3qm1 20 157 105
3qm1 82 491 105
3qm1 410 19 104
3qm1 452 118 105
3qm1 471 307 105
3qm1 144 334 105
3qm1 94 410 106
3qm1 436 445 105
3qm1 324 225 107
3qm1 132 287 106
3qm1 245 309 105
3qm1 358 392 106
3qm1 436 459 106
3qm1 199 419 108
3qm1 372 454 107
3qm1 370 25 109
3qm1 313 168 108
3qm1 470 503 109
3qm1 392 174 110
3qm1 480 384 110
3qm1 199 399 110
3qm1 345 405 110
3qm1 418 147 112
3qm1 240 301 111
3qm1 118 170 112
3qm1 148 257 113
3qm1 91 48 113
3qm1 290 304 112
3qm1 495 326 112
3qm1 32 387 112
3qm1 318 461 114
3qm1 38 53 114
3qm1 402 74 115
3qm1 459 173 115
3qm1 397 401 114
3qm1 343 211 114
3qm1 188 299 116
3qm1 113 433 115
3qm1 182 217 116
3qm1 301 437 116
3qm1 295 53 116
3qm1 135 339 117
3qm1 209 349 116
3qm1 200 36 118
3qm1 375 279 118
3qm1 203 288 118
3qm1 484 495 120
3qm1 250 369 121
3qm1 290 403 120
3qm1 427 450 120
3qm1 481 134 122
3qm1 287 256 122
3qm1 51 274 119
3qm1 21 321 120
3qm1 60 364 121
3qm1 90 421 121
3qm1 491 457 121
3qm1 201 170 122
3qm1 390 249 122
3qm1 454 184 124
3qm1 77 342 123
3qm1 213 410 124
3qm1 260 51 125
3qm1 173 72 124
3qm1 65 232 125
3qm1 71 308 125
3qm1 63 330 124
3qm1 289 333 124
3qm1 284 60 126
3qm1 114 115 125
3qm1 245 122 125
3qm1 223 130 126
3qm1 93 201 126
3qm1 374 250 124
3qm1 55 309 125
3qm1 396 393 126
3qm1 216 475 124
3qm1 481 151 125
3qm1 232 363 127
3qm1 272 390 124
3qm1 52 55 127
3qm1 256 159 127
3qm1 402 49 127
3qm1 350 203 127
3qm1 58 416 127
3qm1 438 245 130
3qm1 65 450 131
3qm1 296 469 130
3qm1 399 87 132
3qm1 380 285 133
3qm1 458 413 131
3qm1 368 122 136
3qm1 321 210 132
3qm1 167 13 134
3qm1 365 14 136
3qm1 97 20 135
3qm1 65 124 136
3qm1 229 349 136
3qm1 263 22 136
3qm1 239 134 136
3qm1 321 225 137
3qm1 394 370 137
3qm1 309 372 136
3qm1 476 442 136
3qm1 352 58 136
3qm1 98 100 136
3qm1 218 194 138
3qm1 279 200 137
3qm1 237 268 136
3qm1 501 274 136
3qm1 28 414 137
3qm1 302 196 138
3qm1 499 236 138
3qm1 39 252 138
3qm1 199 285 138
3qm1 47 23 140
3qm1 195 58 141
3qm1 112 114 141
3qm1 192 272 140
3qm1 350 302 140
3qm1 64 425 140
3qm1 468 176 141
3qm1 269 312 141
3qm1 30 346 142
3qm1 430 356 141
3qm1 346 387 141
3qm1 483 408 141
3qm1 126 81 142
3qm1 344 91 142
3qm1 118 25 143
3qm1 156 27 144
3qm1 106 227 143
3qm1 346 286 144
3qm1 316 364 145
3qm1 469 35 146
3qm1 256 307 145
3qm1 152 326 146
3qm1 311 74 148
3qm1 50 282 146
3qm1 279 346 147
3qm1 140 383 148
3qm1 19 401 148
3qm1 266 413 147
3qm1 458 232 149
3qm1 445 469 148
3qm1 29 497 149
3qm1 167 70 150
3qm1 286 194 149
3qm1 429 245 149
3qm1 417 422 152
3qm1 12 456 151
3qm1 185 20 151
3qm1 243 199 152
3qm1 327 225 152
3qm1 409 99 153
3qm1 58 283 153
3qm1 163 333 153
3qm1 360 339 152
3qm1 306 438 154
3qm1 38 58 156
3qm1 390 94 153
3qm1 194 189 153
3qm1 488 215 154
3qm1 45 396 154
3qm1 174 431 153
3qm1 485 498 153
3qm1 310 18 155
3qm1 338 108 156
3qm1 325 206 155
3qm1 372 463 155
3qm1 239 466 156
3qm1 320 489 155
3qm1 250 54 157
3qm1 383 38 157
3qm1 148 174 157
3qm1 315 419 156
3qm1 360 16 158
3qm1 366 315 156
3qm1 236 357 157
3qm1 200 19 160
3qm1 455 340 160
3qm1 34 379 159
3qm1 495 435 159
3qm1 408 147 161
3qm1 188 465 161
3qm1 34 476 160
3qm1 220 452 161
3qm1 483 25 162
3qm1 463 112 163
3qm1 436 252 161
3qm1 481 283 163
3qm1 176 347 162
3qm1 123 69 162
3qm1 160 100 163
3qm1 373 483 162
3qm1 164 2 164
3qm1 94 97 165
3qm1 422 283 164
3qm1 123 284 164
3qm1 410 460 165
3qm1 336 92 166
3qm1 468 430 165
3qm1 287 236 167
3qm1 327 276 167
3qm1 82 392 167
3qm1 27 425 167
3qm1 94 27 166
3qm1 242 381 167
3qm1 467 402 167
3qm1 262 458 166
3qm1 242 460 168
3qm1 25 139 167
3qm1 324 140 168
3qm1 263 146 169
3qm1 367 178 170
3qm1 203 381 169
3qm1 134 381 170
3qm1 431 442 170
3qm1 333 154 170
3qm1 149 254 170
3qm1 116 480 171
3qm1 55 215 173
3qm1 340 239 172
3qm1 130 274 171
3qm1 271 334 172
3qm1 225 195 173
3qm1 497 348 172
3qm1 10 376 172
3qm1 61 418 172
3qm1 423 42 172
3qm1 252 72 174
3qm1 380 449 173
3qm1 278 452 172
3qm1 84 47 177
3qm1 393 65 176
3qm1 194 391 177
3qm1 95 440 177
3qm1 429 28 177
3qm1 92 73 177
3qm1 268 216 177
3qm1 420 274 178
3qm1 388 421 177
3qm1 205 56 178
3qm1 308 238 178
3qm1 393 291 177
3qm1 233 328 176
3qm1 288 372 178
3qm1 207 435 178
3qm1 22 344 179
3qm1 180 465 178
3qm1 312 111 180
3qm1 227 137 178
3qm1 143 179 180
3qm1 44 457 180
3qm1 223 44 182
3qm1 132 58 181
3qm1 281 401 180
3qm1 420 433 182
3qm1 277 49 181
3qm1 72 69 182
3qm1 126 111 182
3qm1 318 129 183
3qm1 454 279 182
3qm1 271 286 181
3qm1 437 306 184
3qm1 401 342 182
3qm1 243 428 183
3qm1 33 135 183
3qm1 449 184 182
3qm1 408 224 182
3qm1 435 379 184
3qm1 228 434 183
3qm1 461 78 184
3qm1 262 128 184
3qm1 130 129 184
3qm1 45 242 183
3qm1 460 250 185
3qm1 21 386 186
3qm1 147 279 185
3qm1 304 17 187
3qm1 305 138 187
3qm1 349 76 188
3qm1 368 242 189
3qm1 123 492 189
3qm1 216 55 189
3qm1 137 399 189
3qm1 79 471 188
3qm1 80 96 190
3qm1 86 480 195
3qm1 44 129 198
3qm1 382 166 198
3qm1 242 456 198
3qm1 317 398 198
3gl1 205 100 2
3gl1 107 222 1
3gl1 383 286 2
3gl1 326 295 2
3gl1 392 299 2
3gl1 485 335 2
3gl1 151 372 0
3gl1 368 391 2
3gl1 72 412 1
3gl1 481 216 9
3gl1 335 1 9
3gl1 413 54 10
3gl1 411 117 11
3gl1 332 144 10
3gl1 365 443 10
3gl1 152 481 12
3gl1 73 20 13
3gl1 109 52 13
3gl1 124 60 11
3gl1 88 295 12
3gl1 466 13 14
3gl1 127 221 14
3gl1 465 449 14
3gl1 136 96 13
3gl1 447 112 14
3gl1 211 126 14
3gl1 472 139 15
3gl1 2 314 15
3gl1 285 416 14
3gl1 343 162 15
3gl1 179 427 15
3gl1 77 36 17
3gl1 33 20 18
3gl1 11 117 18
3gl1 227 135 17
3gl1 80 185 17
3gl1 58 354 18
3gl1 356 437 18
3gl1 44 449 18
3gl1 473 460 18
3gl1 181 29 19
3gl1 143 332 18
3gl1 160 264 20
3gl1 330 331 18
3gl1 408 432 20
3gl1 341 445 18
3gl1 145 45 20
3gl1 56 74 21
3gl1 419 166 21
3gl1 61 31 22
3gl1 223 57 22
3gl1 479 305 23
3gl1 81 460 22
3gl1 315 154 23
3gl1 209 36 24
3gl1 78 70 23
3gl1 56 120 24
3gl1 26 460 24
3gl1 311 484 23
3gl1 98 119 26
3gl1 429 125 26
3gl1 414 131 25
3gl1 40 42 28
3gl1 184 264 28
3gl1 22 333 28
3gl1 68 457 28
3gl1 15 465 26
3gl1 163 454 28
3gl1 22 401 27
3gl1 251 415 29
3gl1 253 159 29
3gl1 182 168 30
3gl1 405 444 30
3gl1 357 133 32
3gl1 120 257 33
3gl1 119 426 31
3gl1 149 25 34
3gl1 43 83 34
3gl1 415 169 34
3gl1 138 261 34
3gl1 333 276 34
3gl1 465 327 33
3gl1 464 465 34
3gl1 297 69 35
3gl1 304 284 33
3gl1 297 406 33
3gl1 386 434 35
3gl1 318 49 35
3gl1 439 275 36
3gl1 114 69 36
3gl1 71 426 37
3gl1 30 346 38
3gl1 280 75 38
3gl1 133 109 38
3gl1 425 427 38
3gl1 180 484 38
3gl1 225 88 39
3gl1 365 84 41
3gl1 287 262 41
3gl1 157 17 42
3gl1 471 141 42
3gl1 82 206 41
3gl1 291 208 42
3gl1 492 230 41
3gl1 489 302 41
3gl1 254 74 43
3gl1 114 310 43
3gl1 54 95 45
3gl1 219 203 44
3gl1 431 112 43
3gl1 421 198 45
3gl1 291 377 45
3gl1 510 392 45
3gl1 37 451 44
3gl1 404 316 47
3gl1 216 357 46
3gl1 202 391 46
3gl1 17 403 46
3gl1 38 155 45
3gl1 139 281 46
3gl1 376 308 47
3gl1 425 458 46
3gl1 232 125 47
3gl1 152 262 48
3gl1 222 328 47
3gl1 120 414 47
3gl1 256 301 47
3gl1 244 415 49
3gl1 72 72 50
3gl1 63 85 50
3gl1 336 294 50
3gl1 21 413 50
3gl1 510 422 50
3gl1 341 15 51
3gl1 413 24 51
3gl1 42 275 51
3gl1 34 332 51
3gl1 247 33 52
3gl1 277 69 50
3gl1 176 162 51
3gl1 212 216 51
3gl1 458 380 50
3gl1 363 76 53
3gl1 75 252 53
3gl1 457 439 53
3gl1 32 459 52
3gl1 365 480 53
3gl1 238 489 52
3gl1 169 35 53
3gl1 473 69 53
3gl1 249 75 53
3gl1 456 99 54
3gl1 273 111 54
3gl1 72 123 51
3gl1 279 188 54
3gl1 179 328 54
3gl1 402 382 55
3gl1 480 81 55
3gl1 34 348 55
3gl1 216 57 55
3gl1 332 247 57
3gl1 233 291 56
3gl1 437 371 56
3gl1 274 408 56
3gl1 149 133 56
3gl1 494 264 58
3gl1 110 458 57
3gl1 258 252 56
3gl1 204 409 58
3gl1 479 11 59
3gl1 138 120 58
3gl1 316 40 59
3gl1 123 77 60
3gl1 389 474 61
3gl1 361 16 61
3gl1 35 314 61
3gl1 321 430 60
3gl1 290 15 62
3gl1 77 327 61
3gl1 296 358 61
3gl1 13 227 64
3gl1 331 234 64
3gl1 206 237 62
3gl1 239 234 62
3gl1 209 509 61
3gl1 289 141 65
3gl1 99 146 63
3gl1 165 154 65
3gl1 419 210 64
3gl1 117 487 63
3gl1 203 80 65
3gl1 510 459 65
3gl1 499 112 66
3gl1 427 173 64
3gl1 42 272 66
3gl1 397 284 67
3gl1 399 339 65
3gl1 496 392 65
3gl1 227 494 66
3gl1 92 127 66
3gl1 459 241 69
3gl1 141 402 68
3gl1 300 410 67
3gl1 89 432 68
3gl1 369 42 69
3gl1 442 197 69
3gl1 2 277 67
3gl1 488 295 70
3gl1 182 339 68
3gl1 157 484 69
3gl1 225 232 69
3gl1 174 307 70
3gl1 341 17 70
3gl1 108 58 70
3gl1 17 95 69
3gl1 470 232 71
3gl1 93 250 71
3gl1 399 358 70
3gl1 159 418 71
3gl1 27 122 73
3gl1 87 169 72
3gl1 410 220 72
3gl1 237 386 72
3gl1 2 36 74
3gl1 27 153 74
3gl1 228 443 74
3gl1 157 103 74
3gl1 254 194 74
3gl1 510 399 74
3gl1 355 53 76
3gl1 338 203 77
3gl1 318 267 75
3gl1 43 327 77
3gl1 449 346 75
3gl1 432 491 75
3gl1 284 120 76
3gl1 23 228 77
3gl1 418 158 77
3gl1 509 246 78
3gl1 193 298 78
3gl1 509 479 78
3gl1 490 361 79
3gl1 446 416 79
3gl1 100 426 80
3gl1 32 80 81
3gl1 260 236 82
3gl1 458 214 83
3gl1 26 284 84
3gl1 26 250 83
3gl1 325 301 84
3gl1 69 460 84
3gl1 69 329 85
3gl1 26 431 85
3gl1 510 438 83
3gl1 101 39 86
3gl1 18 71 86
3gl1 313 200 85
3gl1 510 159 86
3gl1 249 43 88
3gl1 187 56 86
3gl1 169 122 88
3gl1 314 445 88
3gl1 100 468 87
3gl1 390 224 89
3gl1 389 27 90
3gl1 431 209 90
3gl1 210 386 89
3gl1 53 104 89
3gl1 488 210 91
3gl1 374 327 90
3gl1 383 490 90
3gl1 252 76 92
3gl1 138 209 92
3gl1 280 241 91
3gl1 409 303 92
3gl1 388 408 91
3gl1 195 334 91
3gl1 487 259 93
3gl1 374 353 94
3gl1 479 90 95
3gl1 314 204 95
3gl1 412 406 96
3gl1 2 417 94
3gl1 476 432 96
3gl1 139 453 95
3gl1 404 494 97
3gl1 149 316 98
3gl1 282 457 98
3gl1 68 194 96
3gl1 432 283 97
3gl1 434 310 97
3gl1 452 456 98
3gl1 63 31 99
3gl1 54 404 99
3gl1 346 461 99
3gl1 220 496 96
3gl1 143 497 99
3gl1 114 219 101
3gl1 379 257 99
3gl1 91 324 99
3gl1 213 167 101
3gl1 153 263 100
3gl1 16 35 101
3gl1 386 106 101
3gl1 196 164 102
3gl1 91 183 101
3gl1 353 245 100
3gl1 362 312 101
3gl1 439 84 103
3gl1 460 1 102
3gl1 412 19 105
3gl1 228 353 103
3gl1 281 328 105
3gl1 144 356 104
3gl1 255 151 103
3gl1 323 226 107
3gl1 424 228 106
3gl1 132 287 106
3gl1 471 307 105
3gl1 145 334 106
3gl1 358 393 105
3gl1 436 445 105
3gl1 50 494 105
3gl1 441 124 107
3gl1 18 227 105
3gl1 437 458 105
3gl1 231 68 109
3gl1 372 25 109
3gl1 47 152 111
3gl1 345 405 110
3gl1 471 502 110
3gl1 155 103 112
3gl1 153 157 111
3gl1 117 170 111
3gl1 181 293 110
3gl1 71 39 112
3gl1 261 173 113
3gl1 1 214 114
3gl1 93 31 115
3gl1 39 53 114
3gl1 357 288 113
3gl1 127 325 112
3gl1 112 434 115
3gl1 402 74 114
3gl1 61 130 113
3gl1 154 381 116
3gl1 239 462 114
3gl1 459 173 115
3gl1 237 178 116
3gl1 300 437 116
3gl1 199 36 118
3gl1 321 405 117
3gl1 165 89 118
3gl1 341 162 117
3gl1 411 273 117
3gl1 375 279 118
3gl1 296 454 117
3gl1 204 288 118
3gl1 189 24 119
3gl1 221 106 119
3gl1 1 120 121
3gl1 49 275 120
3gl1 112 394 120
3gl1 426 449 120
3gl1 484 495 120
3gl1 146 89 121
3gl1 287 255 122
3gl1 474 441 121
3gl1 491 457 121
3gl1 481 134 122
3gl1 201 171 122
3gl1 319 282 121
3gl1 379 340 122
3gl1 251 368 121
3gl1 54 424 124
3gl1 97 441 120
3gl1 245 122 123
3gl1 78 342 122
3gl1 278 418 123
3gl1 52 106 124
3gl1 454 184 125
3gl1 189 205 124
3gl1 214 410 124
3gl1 53 54 126
3gl1 256 159 126
3gl1 65 231 125
3gl1 71 308 125
3gl1 44 333 125
3gl1 206 23 127
3gl1 223 130 126
3gl1 230 384 126
3gl1 310 200 127
3gl1 148 313 128
3gl1 331 234 128
3gl1 509 398 129
3gl1 296 65 131
3gl1 438 246 130
3gl1 155 16 132
3gl1 208 139 133
3gl1 323 211 132
3gl1 296 467 132
3gl1 430 494 132
3gl1 229 94 133
3gl1 473 151 131
3gl1 345 247 134
3gl1 321 250 133
3gl1 424 419 134
3gl1 168 12 135
3gl1 97 20 135
3gl1 65 124 136
3gl1 308 372 136
3gl1 98 98 135
3gl1 239 134 136
3gl1 87 249 137
3gl1 38 252 137
3gl1 492 72 137
3gl1 218 194 138
3gl1 302 195 138
3gl1 280 199 137
3gl1 500 236 138
3gl1 481 209 138
3gl1 198 285 139
3gl1 349 302 140
3gl1 139 374 138
3gl1 233 488 138
3gl1 15 194 140
3gl1 1 245 138
3gl1 416 254 140
3gl1 1 356 139
3gl1 397 260 141
3gl1 30 346 141
3gl1 64 425 140
3gl1 190 449 141
3gl1 196 57 141
3gl1 63 206 142
3gl1 269 312 141
3gl1 212 360 141
3gl1 126 81 143
3gl1 334 397 143
3gl1 483 408 141
3gl1 173 235 144
3gl1 277 289 144
3gl1 491 326 144
3gl1 325 373 143
3gl1 157 28 144
3gl1 346 286 144
3gl1 152 326 146
3gl1 369 153 145
3gl1 140 383 148
3gl1 314 11 146
3gl1 311 74 147
3gl1 268 266 147
3gl1 27 331 147
3gl1 19 401 148
3gl1 494 424 148
3gl1 367 432 148
3gl1 286 194 149
3gl1 156 308 149
3gl1 445 469 149
3gl1 30 497 149
3gl1 423 222 148
3gl1 431 246 149
3gl1 229 329 148
3gl1 188 272 151
3gl1 418 392 151
3gl1 184 20 151
3gl1 473 103 150
3gl1 58 284 152
3gl1 390 323 152
3gl1 40 364 152
3gl1 12 456 152
3gl1 396 201 152
3gl1 328 224 151
3gl1 28 287 153
3gl1 77 378 153
3gl1 92 181 152
3gl1 488 214 154
3gl1 172 388 153
3gl1 153 390 154
3gl1 485 498 153
3gl1 260 12 154
3gl1 310 19 155
3gl1 372 464 154
3gl1 45 395 154
3gl1 239 466 156
3gl1 338 107 156
3gl1 323 474 155
3gl1 382 38 159
3gl1 23 127 157
3gl1 12 170 157
3gl1 510 224 158
3gl1 316 249 159
3gl1 364 316 157
3gl1 317 411 158
3gl1 495 435 159
3gl1 298 60 161
3gl1 249 147 160
3gl1 474 217 160
3gl1 169 304 159
3gl1 456 340 160
3gl1 34 378 159
3gl1 34 476 160
3gl1 21 105 160
3gl1 484 24 163
3gl1 501 47 162
3gl1 124 284 162
3gl1 404 468 162
3gl1 160 101 164
3gl1 464 111 163
3gl1 296 194 162
3gl1 435 250 163
3gl1 279 322 162
3gl1 456 373 161
3gl1 189 464 161
3gl1 142 43 164
3gl1 303 162 163
3gl1 328 179 164
3gl1 411 458 165
3gl1 467 27 166
3gl1 336 92 166
3gl1 93 97 165
3gl1 455 130 165
3gl1 84 204 165
3gl1 405 247 166
3gl1 328 276 167
3gl1 437 390 165
3gl1 197 484 167
3gl1 83 391 166
3gl1 487 400 167
3gl1 242 460 168
3gl1 203 382 169
3gl1 27 424 167
3gl1 81 60 170
3gl1 323 140 169
3gl1 438 152 169
3gl1 44 364 168
3gl1 458 85 169
3gl1 319 103 171
3gl1 441 126 171
3gl1 425 43 173
3gl1 271 334 172
3gl1 497 347 172
3gl1 61 417 171
3gl1 253 72 173
3gl1 134 117 172
3gl1 56 214 173
3gl1 34 100 173
3gl1 220 180 174
3gl1 69 473 176
3gl1 393 66 176
3gl1 431 199 175
3gl1 461 72 176
3gl1 479 114 174
3gl1 384 131 175
3gl1 118 171 173
3gl1 104 198 176
3gl1 269 215 175
3gl1 133 241 177
3gl1 208 436 178
3gl1 384 494 176
3gl1 85 47 177
3gl1 416 242 178
3gl1 358 320 176
3gl1 288 372 179
3gl1 388 421 177
3gl1 179 464 178
3gl1 249 59 181
3gl1 143 179 179
3gl1 282 331 180
3gl1 298 378 180
3gl1 470 23 181
3gl1 38 174 181
3gl1 479 292 180
3gl1 420 433 181
3gl1 151 70 182
3gl1 33 136 182
3gl1 271 286 181
3gl1 228 433 183
3gl1 171 489 181
3gl1 340 249 182
3gl1 334 271 183
3gl1 189 336 182
3gl1 238 392 183
3gl1 87 185 182
3gl1 244 428 183
3gl1 442 440 183
3gl1 126 109 183
3gl1 459 251 185
3gl1 209 337 184
3gl1 435 378 184
3gl1 22 386 185
3gl1 305 17 186
3gl1 429 389 185
3gl1 349 77 189
3gl1 368 242 188
3gl1 137 400 188
3gl1 216 54 189
3gl1 123 493 189
3gl1 80 95 189
3gl1 286 182 191
3gl1 111 453 190
3gl1 376 128 197
3gl1 174 389 197
3gl1 382 166 198
3gl1 440 184 198
3gl1 249 264 198
3gl1 302 459 198
3d2f 465 74 8
3d2f 109 52 12
3d2f 343 159 18
3d2f 294 286 18
3d2f 465 449 14
3d2f 80 265 19
3d2f 186 294 17
3d2f 269 363 16
3d2f 415 509 19
3d2f 284 18 21
3d2f 316 466 16
3d2f 465 481 18
3d2f 317 39 17
3d2f 55 73 23
3d2f 187 182 18
3d2f 27 236 20
3d2f 211 329 22
3d2f 391 492 22
3d2f 67 57 21
3d2f 370 19 23
3d2f 468 92 21
3d2f 112 63 23
3d2f 364 374 25
3d2f 431 417 23
3d2f 394 330 26
3d2f 157 394 26
3d2f 277 255 24
3d2f 140 263 28
3d2f 311 300 27
3d2f 294 79 27
3d2f 206 89 27
3d2f 420 95 25
3d2f 406 447 27
3d2f 244 97 28
3d2f 41 183 30
3d2f 485 249 26
3d2f 89 365 31
3d2f 478 91 31
3d2f 22 334 29
3d2f 251 415 28
3d2f 42 32 28
3d2f 106 224 32
3d2f 408 269 30
3d2f 485 62 32
3d2f 355 134 31
3d2f 372 198 30
3d2f 96 46 32
3d2f 234 285 32
3d2f 430 427 35
3d2f 149 25 34
3d2f 292 129 34
3d2f 142 219 37
3d2f 121 257 32
3d2f 34 168 36
3d2f 139 370 39
3d2f 90 265 39
3d2f 135 111 42
3d2f 465 350 41
3d2f 307 390 40
3d2f 422 459 40
3d2f 121 199 43
3d2f 469 335 40
3d2f 24 361 43
3d2f 204 393 43
3d2f 160 15 43
3d2f 234 125 44
3d2f 406 145 44
3d2f 184 159 42
3d2f 24 453 42
3d2f 487 480 40
3d2f 75 124 44
3d2f 57 163 43
3d2f 85 210 45
3d2f 51 463 43
3d2f 20 50 52
3d2f 122 76 46
3d2f 114 308 44
3d2f 306 266 48
3d2f 324 418 47
3d2f 474 126 50
3d2f 87 429 50
3d2f 27 183 49
3d2f 441 482 50
3d2f 259 133 48
3d2f 76 275 49
3d2f 20 413 51
3d2f 84 453 49
3d2f 266 398 51
3d2f 372 22 51
3d2f 445 74 53
3d2f 204 483 52
3d2f 70 70 52
3d2f 34 170 54
3d2f 23 263 52
3d2f 152 278 54
3d2f 365 477 52
3d2f 399 510 53
3d2f 340 45 53
3d2f 272 111 53
3d2f 204 176 53
3d2f 279 188 54
3d2f 453 380 55
3d2f 85 410 56
3d2f 32 30 56
3d2f 77 250 54
3d2f 187 325 53
3d2f 470 414 58
3d2f 169 34 54
3d2f 251 151 58
3d2f 402 382 55
3d2f 298 232 56
3d2f 317 103 59
3d2f 126 149 56
3d2f 447 175 58
3d2f 152 73 58
3d2f 104 211 61
3d2f 364 493 59
3d2f 439 297 61
3d2f 303 57 62
3d2f 419 209 68
3d2f 414 392 65
3d2f 157 482 65
3d2f 111 38 65
3d2f 372 42 66
3d2f 431 262 63
3d2f 336 312 66
3d2f 116 488 64
3d2f 317 194 65
3d2f 48 230 69
3d2f 156 43 64
3d2f 486 321 69
3d2f 293 130 68
3d2f 42 272 67
3d2f 208 134 68
3d2f 462 205 73
3d2f 448 261 73
3d2f 209 297 71
3d2f 399 358 69
3d2f 346 87 73
3d2f 414 277 72
3d2f 91 219 72
3d2f 46 380 75
3d2f 12 114 71
3d2f 158 105 74
3d2f 207 341 76
3d2f 509 475 76
3d2f 441 56 74
3d2f 87 157 76
3d2f 156 260 78
3d2f 312 353 77
3d2f 344 492 80
3d2f 463 301 77
3d2f 334 242 81
3d2f 112 361 80
3d2f 361 381 81
3d2f 481 258 80
3d2f 328 274 83
3d2f 489 362 81
3d2f 141 107 84
3d2f 20 321 86
3d2f 336 322 83
3d2f 24 485 83
3d2f 326 302 84
3d2f 298 197 88
3d2f 69 330 86
3d2f 27 431 85
3d2f 368 460 87
3d2f 421 477 88
3d2f 18 71 86
3d2f 325 220 87
3d2f 431 302 86
3d2f 341 133 90
3d2f 102 146 92
3d2f 162 470 92
3d2f 389 26 91
3d2f 74 42 89
3d2f 99 76 93
3d2f 169 121 89
3d2f 342 366 90
3d2f 20 414 94
3d2f 267 428 92
3d2f 251 75 96
3d2f 137 455 93
3d2f 471 173 96
3d2f 281 242 91
3d2f 429 456 92
3d2f 105 469 90
3d2f 409 299 93
3d2f 91 460 95
3d2f 291 64 96
3d2f 209 29 94
3d2f 434 371 101
3d2f 412 479 99
3d2f 143 40 101
3d2f 323 73 98
3d2f 390 104 99
3d2f 53 403 99
3d2f 145 468 101
3d2f 242 146 104
3d2f 119 366 104
3d2f 184 31 100
3d2f 149 235 101
3d2f 207 206 103
3d2f 20 157 105
3d2f 193 284 105
3d2f 27 375 105
3d2f 162 82 104
3d2f 20 173 107
3d2f 141 185 108
3d2f 79 247 107
3d2f 388 17 108
3d2f 486 39 107
3d2f 140 317 110
3d2f 201 419 110
3d2f 64 432 108
3d2f 287 209 113
3d2f 480 473 110
3d2f 310 218 112
3d2f 274 234 110
3d2f 359 359 111
3d2f 153 157 111
3d2f 358 291 112
3d2f 22 320 114
3d2f 335 360 111
3d2f 380 197 114
3d2f 182 294 111
3d2f 43 375 113
3d2f 436 203 115
3d2f 494 326 112
3d2f 104 81 118
3d2f 385 99 118
3d2f 200 135 114
3d2f 341 215 115
3d2f 475 441 119
3d2f 322 308 119
3d2f 288 332 121
3d2f 299 455 119
3d2f 276 166 120
3d2f 1 120 120
3d2f 122 242 124
3d2f 370 250 121
3d2f 165 181 120
3d2f 181 407 124
3d2f 300 490 122
3d2f 486 494 121
3d2f 274 109 123
3d2f 275 43 124
3d2f 33 60 125
3d2f 256 158 125
3d2f 56 308 125
3d2f 133 361 127
3d2f 213 474 128
3d2f 227 381 126
3d2f 52 54 126
3d2f 281 59 128
3d2f 223 130 126
3d2f 179 143 127
3d2f 56 418 126
3d2f 452 139 127
3d2f 476 152 129
3d2f 28 441 127
3d2f 206 23 127
3d2f 510 410 129
3d2f 491 473 128
3d2f 146 308 129
3d2f 339 335 132
3d2f 88 246 134
3d2f 299 70 136
3d2f 207 234 134
3d2f 372 397 133
3d2f 429 494 132
3d2f 448 313 136
3d2f 44 23 136
3d2f 308 120 135
3d2f 316 231 133
3d2f 483 290 132
3d2f 141 374 137
3d2f 427 418 136
3d2f 367 122 136
3d2f 39 132 137
3d2f 410 181 135
3d2f 335 52 136
3d2f 80 61 139
3d2f 111 114 138
3d2f 374 320 140
3d2f 280 199 137
3d2f 192 449 139
3d2f 176 63 142
3d2f 138 149 142
3d2f 377 280 140
3d2f 60 321 138
3d2f 238 151 140
3d2f 394 263 140
3d2f 137 348 140
3d2f 22 359 141
3d2f 214 359 142
3d2f 64 425 139
3d2f 422 219 147
3d2f 335 282 143
3d2f 86 19 148
3d2f 244 198 148
3d2f 109 225 148
3d2f 170 293 145
3d2f 451 379 147
3d2f 488 471 147
3d2f 392 93 152
3d2f 218 266 150
3d2f 140 382 148
3d2f 491 422 149
3d2f 41 114 151
3d2f 368 432 149
3d2f 141 216 154
3d2f 431 489 151
3d2f 199 19 157
3d2f 262 137 154
3d2f 57 283 151
3d2f 362 314 154
3d2f 197 190 159
3d2f 480 245 153
3d2f 363 340 157
3d2f 323 476 155
3d2f 241 105 157
3d2f 402 450 154
3d2f 45 307 157
3d2f 371 463 155
3d2f 239 466 156
3d2f 411 54 161
3d2f 53 217 158
3d2f 109 297 160
3d2f 169 304 158
3d2f 217 335 160
3d2f 290 235 162
3d2f 235 248 158
3d2f 476 216 161
3d2f 381 37 161
3d2f 368 483 161
3d2f 194 446 165
3d2f 404 247 163
3d2f 491 306 167
3d2f 438 391 165
3d2f 143 39 164
3d2f 168 75 166
3d2f 437 154 167
3d2f 42 415 167
3d2f 236 131 169
3d2f 83 204 166
3d2f 123 311 169
3d2f 411 458 167
3d2f 83 465 169
3d2f 314 383 169
3d2f 422 450 168
3d2f 267 155 168
3d2f 69 197 174
3d2f 390 312 168
3d2f 373 370 170
3d2f 203 382 169
3d2f 206 226 174
3d2f 196 394 175
3d2f 383 95 176
3d2f 252 71 173
3d2f 189 334 178
3d2f 75 37 178
3d2f 33 98 179
3d2f 80 203 175
3d2f 221 88 177
3d2f 249 157 179
3d2f 105 198 177
3d2f 42 278 180
3d2f 69 473 179
3d2f 461 76 180
3d2f 452 185 180
3d2f 147 29 179
3d2f 193 207 178
3d2f 173 488 180
3d2f 104 493 180
3d2f 261 26 179
3d2f 300 166 181
3d2f 83 185 179
3d2f 61 442 179
3d2f 471 23 181
3d2f 452 149 182
3d2f 255 31 183
3d2f 367 435 185
3d2f 227 509 196
4d8q 466 338 19
4d8q 182 444 18
4d8q 353 30 20
4d8q 198 222 21
4d8q 217 204 21
4d8q 409 224 21
4d8q 34 304 21
4d8q 470 416 23
4d8q 273 425 23
4d8q 448 391 24
4d8q 145 450 26
4d8q 135 238 26
4d8q 258 139 28
4d8q 67 320 29
4d8q 174 332 30
4d8q 254 382 29
4d8q 436 341 30
4d8q 118 449 31
4d8q 115 473 32
4d8q 91 71 33
4d8q 154 78 33
4d8q 271 218 32
4d8q 175 395 32
4d8q 265 118 35
4d8q 210 234 34
4d8q 297 362 35
4d8q 119 50 36
4d8q 426 232 36
4d8q 269 43 37
4d8q 347 269 37
4d8q 270 353 36
4d8q 55 405 40
4d8q 268 333 41
4d8q 379 69 42
4d8q 21 281 41
4d8q 34 389 41
4d8q 217 111 43
4d8q 111 163 42
4d8q 345 244 43
4d8q 195 283 43
4d8q 47 233 43
4d8q 309 208 44
4d8q 161 292 46
4d8q 59 335 45
4d8q 285 88 47
4d8q 491 208 48
4d8q 348 211 49
4d8q 282 276 48
4d8q 328 29 50
4d8q 126 19 51
4d8q 42 203 52
4d8q 286 349 51
4d8q 166 82 54
4d8q 143 298 54
4d8q 329 218 55
4d8q 162 395 54
4d8q 125 49 56
4d8q 399 94 57
4d8q 63 463 57
4d8q 59 491 57
4d8q 102 421 58
4d8q 84 32 59
4d8q 40 99 59
4d8q 202 358 62
4d8q 191 384 62
4d8q 373 102 63
4d8q 131 277 63
4d8q 475 266 64
4d8q 354 309 65
4d8q 384 448 66
4d8q 234 51 66
4d8q 488 372 66
4d8q 406 140 68
4d8q 361 214 68
4d8q 395 229 68
4d8q 387 255 68
4d8q 461 69 68
4d8q 66 301 69
4d8q 206 24 70
4d8q 73 203 71
4d8q 278 299 71
4d8q 341 223 71
4d8q 472 347 71
4d8q 266 374 72
4d8q 103 330 73
4d8q 427 82 75
4d8q 230 294 75
4d8q 441 362 74
4d8q 156 28 75
4d8q 114 404 77
4d8q 123 486 77
4d8q 419 408 79
4d8q 397 112 81
4d8q 45 303 81
4d8q 369 484 81
4d8q 323 150 82
4d8q 383 296 81
4d8q 145 385 82
4d8q 413 96 84
4d8q 212 255 85
4d8q 193 160 86
4d8q 98 385 86
4d8q 157 228 86
4d8q 101 294 88
4d8q 473 37 90
4d8q 65 154 90
4d8q 337 170 89
4d8q 228 177 90
4d8q 308 107 90
4d8q 120 41 92
4d8q 277 480 92
4d8q 296 335 90
4d8q 333 429 92
4d8q 440 28 94
4d8q 192 467 95
4d8q 370 429 97
4d8q 338 40 97
4d8q 136 128 98
4d8q 178 452 98
4d8q 448 335 98
4d8q 485 486 99
4d8q 223 404 101
4d8q 152 379 101
4d8q 301 88 102
4d8q 273 264 102
4d8q 465 193 106
4d8q 57 327 107
4d8q 238 486 106
4d8q 274 81 109
4d8q 106 271 109
4d8q 387 141 110
4d8q 404 446 111
4d8q 168 336 112
4d8q 248 351 111
4d8q 215 150 113
4d8q 317 257 114
4d8q 436 318 113
4d8q 352 435 112
4d8q 462 469 113
4d8q 218 184 115
4d8q 310 320 114
4d8q 259 447 115
4d8q 135 448 115
4d8q 479 168 116
4d8q 486 104 117
4d8q 235 232 118
4d8q 355 48 118
4d8q 177 359 119
4d8q 454 368 118
4d8q 62 76 120
4d8q 113 344 119
4d8q 424 40 121
4d8q 290 356 122
4d8q 25 264 123
4d8q 358 463 123
4d8q 100 228 124
4d8q 308 341 124
4d8q 356 415 124
4d8q 330 176 126
4d8q 296 271 126
4d8q 184 460 126
4d8q 305 174 127
4d8q 375 27 129
4d8q 272 442 130
4d8q 391 146 130
4d8q 179 289 130
4d8q 394 344 131
4d8q 127 440 132
4d8q 64 42 133
4d8q 131 106 134
4d8q 162 277 135
4d8q 302 299 135
4d8q 228 400 136
4d8q 73 372 137
4d8q 277 37 138
4d8q 457 43 138
4d8q 261 181 140
4d8q 189 390 140
4d8q 373 445 139
4d8q 228 108 141
4d8q 345 214 141
4d8q 275 249 141
4d8q 83 39 141
4d8q 350 175 142
4d8q 156 245 142
4d8q 154 205 143
4d8q 297 347 142
4d8q 461 150 144
4d8q 161 53 145
4d8q 380 133 144
4d8q 218 482 145
4d8q 324 108 145
4d8q 322 440 145
4d8q 479 47 146
4d8q 75 137 147
4d8q 32 417 145
4d8q 215 32 148
4d8q 307 392 150
4d8q 149 412 150
4d8q 432 429 149
4d8q 107 312 151
4d8q 331 416 151
4d8q 289 69 152
4d8q 180 44 152
4d8q 76 85 153
4d8q 381 165 154
4d8q 66 489 153
4d8q 340 140 154
4d8q 58 420 155
4d8q 204 257 157
4d8q 314 267 157
4d8q 348 395 158
4d8q 293 362 159
4d8q 55 126 162
4d8q 449 207 163
4d8q 342 223 163
4d8q 224 40 165
4d8q 280 43 165
4d8q 62 101 168
4d8q 426 185 167
4d8q 387 194 167
4d8q 108 376 170
4d8q 70 262 173
4d8q 155 374 172
4d8q 214 467 173
4d8q 85 135 174
4d8q 191 259 173
4d8q 159 276 173
4d8q 328 197 175
4d8q 378 274 176
4d8q 57 304 175
4d8q 457 38 177
4d8q 235 210 176
4d8q 258 483 176
4d8q 348 109 177
4d8q 122 223 178
4d8q 410 475 178
4d8q 466 125 179
4d8q 30 372 178
4d8q 184 123 180
4d8q 429 88 181
4d8q 487 127 180
4d8q 300 254 181
1bxn 221 173 2
1bxn 63 407 2
1bxn 287 301 13
1bxn 110 344 13
1bxn 490 91 15
1bxn 33 139 15
1bxn 124 275 14
1bxn 166 164 16
1bxn 442 232 15
1bxn 429 254 15
1bxn 172 76 18
1bxn 324 402 17
1bxn 61 447 19
1bxn 464 236 20
1bxn 31 363 20
1bxn 320 364 20
1bxn 86 158 20
1bxn 334 303 20
1bxn 275 395 20
1bxn 424 446 20
1bxn 191 468 21
1bxn 230 401 22
1bxn 288 43 22
1bxn 217 152 23
1bxn 258 255 24
1bxn 128 374 23
1bxn 410 55 24
1bxn 394 135 25
1bxn 371 164 24
1bxn 197 314 24
1bxn 428 183 26
1bxn 350 338 26
1bxn 205 116 27
1bxn 304 140 27
1bxn 477 199 28
1bxn 379 404 28
1bxn 488 426 28
1bxn 293 486 28
1bxn 473 496 28
1bxn 209 50 29
1bxn 259 477 29
1bxn 99 391 30
1bxn 287 433 33
1bxn 368 48 33
1bxn 108 2 33
1bxn 79 147 37
1bxn 478 169 37
1bxn 257 453 39
1bxn 87 125 38
1bxn 173 457 42
1bxn 72 16 43
1bxn 138 136 43
1bxn 424 288 43
1bxn 401 364 45
1bxn 372 382 45
1bxn 480 382 45
1bxn 276 135 46
1bxn 442 408 47
1bxn 144 354 48
1bxn 358 424 47
1bxn 366 441 50
1bxn 123 134 50
1bxn 216 85 52
1bxn 85 235 52
1bxn 493 121 53
1bxn 299 252 53
1bxn 322 465 53
1bxn 156 493 54
1bxn 283 452 54
1bxn 493 38 55
1bxn 177 237 58
1bxn 50 445 59
1bxn 315 479 59
1bxn 212 102 60
1bxn 481 465 60
1bxn 18 338 61
1bxn 253 340 61
1bxn 488 144 62
1bxn 490 276 64
1bxn 456 313 65
1bxn 373 413 64
1bxn 222 260 66
1bxn 149 348 66
1bxn 441 109 67
1bxn 469 286 66
1bxn 300 395 68
1bxn 302 165 70
1bxn 341 267 70
1bxn 384 279 69
1bxn 271 70 71
1bxn 352 392 71
1bxn 20 95 71
1bxn 450 280 72
1bxn 72 342 72
1bxn 36 200 72
1bxn 50 262 72
1bxn 260 35 74
1bxn 300 462 75
1bxn 372 321 75
1bxn 65 384 76
1bxn 207 53 76
1bxn 496 68 78
1bxn 254 327 78
1bxn 429 318 79
1bxn 469 440 79
1bxn 221 224 80
1bxn 232 108 83
1bxn 291 226 83
1bxn 48 71 84
1bxn 360 338 83
1bxn 479 127 85
1bxn 302 494 84
1bxn 32 58 86
1bxn 257 106 85
1bxn 192 133 88
1bxn 81 185 88
1bxn 171 212 88
1bxn 46 410 88
1bxn 464 157 89
1bxn 466 344 89
1bxn 92 311 90
1bxn 14 105 90
1bxn 464 254 90
1bxn 264 364 90
1bxn 270 335 92
1bxn 309 465 92
1bxn 449 485 92
1bxn 162 257 93
1bxn 195 365 93
1bxn 27 24 93
1bxn 381 68 93
1bxn 396 287 94
1bxn 94 104 95
1bxn 175 46 96
1bxn 43 225 96
1bxn 350 62 99
1bxn 84 148 98
1bxn 123 156 99
1bxn 181 129 100
1bxn 54 201 99
1bxn 401 201 102
1bxn 104 20 103
1bxn 424 56 102
1bxn 250 398 102
1bxn 254 425 103
1bxn 394 484 104
1bxn 460 97 105
1bxn 15 400 105
1bxn 181 493 105
1bxn 488 14 107
1bxn 70 114 108
1bxn 62 132 108
1bxn 136 144 108
1bxn 286 495 108
1bxn 29 430 108
1bxn 355 182 110
1bxn 98 201 109
1bxn 159 317 109
1bxn 468 321 111
1bxn 487 84 111
1bxn 247 189 112
1bxn 256 19 114
1bxn 72 454 114
1bxn 350 382 115
1bxn 322 408 116
1bxn 372 438 117
1bxn 382 402 117
1bxn 110 450 118
1bxn 138 497 118
1bxn 376 215 119
1bxn 257 251 119
1bxn 198 82 120
1bxn 187 254 119
1bxn 26 46 121
1bxn 260 400 122
1bxn 414 481 122
1bxn 21 189 123
1bxn 362 274 122
1bxn 448 493 123
1bxn 271 228 124
1bxn 130 405 122
1bxn 147 466 126
1bxn 186 336 127
1bxn 464 226 127
1bxn 229 479 128
1bxn 195 100 130
1bxn 82 445 128
1bxn 347 149 131
1bxn 361 350 131
1bxn 227 285 131
1bxn 246 38 132
1bxn 77 276 132
1bxn 449 14 133
1bxn 97 174 134
1bxn 145 283 135
1bxn 145 441 133
1bxn 39 300 135
1bxn 366 498 135
1bxn 36 102 136
1bxn 255 122 137
1bxn 58 87 139
1bxn 283 396 139
1bxn 171 454 139
1bxn 206 112 140
1bxn 432 168 139
1bxn 48 344 139
1bxn 421 34 143
1bxn 45 316 142
1bxn 238 289 143
1bxn 442 345 142
1bxn 290 444 145
1bxn 329 174 146
1bxn 256 442 147
1bxn 340 249 149
1bxn 133 31 149
1bxn 200 74 150
1bxn 440 263 151
1bxn 249 266 152
1bxn 492 486 154
1bxn 263 86 155
1bxn 274 474 154
1bxn 433 136 155
1bxn 483 181 155
1bxn 365 280 155
1bxn 240 421 154
1bxn 250 216 157
1bxn 82 441 158
1bxn 257 284 159
1bxn 384 110 159
1bxn 485 145 160
1bxn 415 77 160
1bxn 279 274 159
1bxn 357 384 159
1bxn 113 492 160
1bxn 75 217 162
1bxn 117 252 162
1bxn 60 238 165
1bxn 473 381 167
1bxn 112 457 167
1bxn 213 496 169
1bxn 305 181 170
1bxn 170 329 170
1bxn 114 17 171
1bxn 263 443 170
1bxn 471 155 173
1bxn 487 364 173
1bxn 406 40 174
1bxn 65 495 175
1bxn 137 144 176
1bxn 156 170 176
1bxn 103 33 178
1bxn 38 120 178
1bxn 15 169 179
1bxn 37 220 179
1bxn 116 261 179
1bxn 285 424 179
1bxn 311 473 180
1bxn 273 162 181
1bxn 415 158 182
1bxn 491 236 182
1bxn 149 497 182
1bxn 480 57 184
1bxn 290 108 183
1bxn 442 220 185
1bxn 196 280 185
1bxn 218 402 184
1bxn 143 416 186
1bxn 404 86 186
