1bxn 355 307 2
1bxn 188 397 2
1bxn 287 301 13
1bxn 110 344 12
1bxn 490 91 15
1bxn 33 139 15
1bxn 166 164 17
1bxn 122 274 13
1bxn 429 254 16
1bxn 464 236 19
1bxn 323 402 18
1bxn 173 76 17
1bxn 440 231 16
1bxn 61 447 18
1bxn 468 278 20
1bxn 30 363 20
1bxn 334 302 21
1bxn 320 365 20
1bxn 230 401 23
1bxn 424 445 21
1bxn 191 469 21
1bxn 274 395 20
1bxn 258 255 24
1bxn 197 313 24
1bxn 287 43 23
1bxn 217 152 23
1bxn 128 374 24
1bxn 395 135 24
1bxn 351 338 25
1bxn 206 117 27
1bxn 428 184 26
1bxn 304 140 27
1bxn 380 405 27
1bxn 488 426 28
1bxn 209 50 28
1bxn 410 56 25
1bxn 259 477 28
1bxn 292 486 29
1bxn 136 161 28
1bxn 472 496 28
1bxn 99 391 31
1bxn 368 49 33
1bxn 287 433 33
1bxn 80 146 37
1bxn 478 168 37
1bxn 258 453 38
1bxn 87 125 37
1bxn 74 51 40
1bxn 423 288 43
1bxn 172 456 40
1bxn 137 137 43
1bxn 71 16 44
1bxn 400 365 45
1bxn 371 382 45
1bxn 455 125 43
1bxn 480 382 45
1bxn 276 135 45
1bxn 358 425 47
1bxn 443 408 47
1bxn 143 354 49
1bxn 365 441 50
1bxn 123 134 50
1bxn 216 85 53
1bxn 86 235 51
1bxn 303 425 52
1bxn 493 121 54
1bxn 299 253 53
1bxn 283 452 54
1bxn 322 466 53
1bxn 155 493 54
1bxn 493 38 55
1bxn 47 56 54
1bxn 347 32 57
1bxn 51 445 59
1bxn 212 102 60
1bxn 481 465 59
1bxn 175 236 59
1bxn 253 340 61
1bxn 488 143 61
1bxn 314 479 59
1bxn 19 337 61
1bxn 373 413 64
1bxn 469 286 66
1bxn 149 348 64
1bxn 128 436 65
1bxn 223 260 66
1bxn 455 313 64
1bxn 441 109 67
1bxn 282 161 64
1bxn 490 277 64
1bxn 301 395 67
1bxn 301 164 69
1bxn 286 481 66
1bxn 271 70 71
1bxn 171 56 70
1bxn 450 280 72
1bxn 36 201 72
1bxn 386 340 70
1bxn 351 392 71
1bxn 300 462 74
1bxn 259 35 72
1bxn 71 341 72
1bxn 66 384 75
1bxn 207 53 77
1bxn 496 68 78
1bxn 382 36 76
1bxn 255 327 78
1bxn 428 318 79
1bxn 469 440 80
1bxn 220 224 80
1bxn 231 108 82
1bxn 360 338 83
1bxn 73 414 82
1bxn 48 72 84
1bxn 291 227 83
1bxn 407 442 81
1bxn 32 58 85
1bxn 257 106 85
1bxn 479 128 85
1bxn 302 494 84
1bxn 368 173 84
1bxn 46 409 88
1bxn 464 157 89
1bxn 81 185 88
1bxn 171 212 88
1bxn 191 133 88
1bxn 466 344 89
1bxn 13 105 90
1bxn 463 254 90
1bxn 339 401 89
1bxn 449 485 91
1bxn 91 311 90
1bxn 271 335 93
1bxn 195 365 92
1bxn 26 23 92
1bxn 381 68 92
1bxn 95 104 94
1bxn 44 225 95
1bxn 396 287 94
1bxn 308 464 92
1bxn 175 46 97
1bxn 54 201 99
1bxn 350 62 100
1bxn 83 148 99
1bxn 122 156 99
1bxn 182 128 100
1bxn 401 201 102
1bxn 104 20 103
1bxn 253 425 103
1bxn 460 97 104
1bxn 249 399 101
1bxn 394 484 104
1bxn 181 493 105
1bxn 15 400 105
1bxn 487 14 108
1bxn 286 494 107
1bxn 69 114 108
1bxn 135 145 109
1bxn 98 202 109
1bxn 469 321 111
1bxn 29 430 109
1bxn 354 182 110
1bxn 247 189 113
1bxn 321 137 111
1bxn 73 454 114
1bxn 349 382 115
1bxn 258 250 118
1bxn 322 408 116
1bxn 372 438 117
1bxn 198 82 120
1bxn 137 498 118
1bxn 110 450 118
1bxn 25 46 121
1bxn 376 215 118
1bxn 186 254 120
1bxn 414 481 122
1bxn 21 189 123
1bxn 260 400 120
1bxn 82 149 122
1bxn 362 275 121
1bxn 448 493 123
1bxn 271 228 124
1bxn 147 466 126
1bxn 463 226 127
1bxn 433 109 127
1bxn 186 335 127
1bxn 436 392 127
1bxn 230 478 127
1bxn 195 100 130
1bxn 347 148 131
1bxn 227 285 131
1bxn 361 350 131
1bxn 247 38 132
1bxn 450 14 133
1bxn 97 174 134
1bxn 146 283 134
1bxn 366 498 135
1bxn 39 300 134
1bxn 36 102 135
1bxn 145 441 133
1bxn 255 122 137
1bxn 37 147 136
1bxn 443 345 139
1bxn 284 396 139
1bxn 170 454 139
1bxn 493 70 137
1bxn 58 87 139
1bxn 206 112 140
1bxn 290 445 146
1bxn 329 174 146
1bxn 421 36 144
1bxn 339 250 149
1bxn 255 441 147
1bxn 382 62 149
1bxn 112 153 150
1bxn 2 173 149
1bxn 318 57 152
1bxn 249 266 153
1bxn 491 486 155
1bxn 263 87 155
1bxn 483 180 154
1bxn 364 280 154
1bxn 433 136 156
1bxn 275 474 154
1bxn 238 419 154
1bxn 83 440 158
1bxn 486 145 160
1bxn 279 274 158
1bxn 257 284 159
1bxn 384 110 160
1bxn 117 252 161
1bxn 415 77 161
1bxn 76 217 162
1bxn 434 336 160
1bxn 307 142 161
1bxn 59 237 165
1bxn 473 381 167
1bxn 66 396 165
1bxn 112 456 167
1bxn 305 181 170
1bxn 423 449 167
1bxn 378 426 168
1bxn 115 17 171
1bxn 170 329 171
1bxn 215 497 169
1bxn 406 40 174
1bxn 470 155 172
1bxn 487 365 173
1bxn 65 495 174
1bxn 156 169 175
1bxn 137 144 177
1bxn 103 33 178
1bxn 15 169 179
1bxn 37 220 179
1bxn 274 162 181
1bxn 117 261 179
1bxn 311 473 181
1bxn 480 57 183
1bxn 491 236 181
1bxn 284 425 180
1bxn 149 497 181
1bxn 415 158 182
1bxn 290 108 183
1bxn 143 416 185
1bxn 442 220 185
1bxn 196 280 184
1bxn 217 402 184
