3cf3 330 329 19
3cf3 220 308 20
3cf3 285 68 19
3cf3 197 161 20
3cf3 380 52 20
3cf3 470 279 20
3cf3 192 280 20
3cf3 222 359 21
3cf3 112 403 22
3cf3 124 417 21
3cf3 288 345 23
3cf3 182 359 27
3cf3 247 47 29
3cf3 38 207 25
3cf3 195 68 27
3cf3 47 268 25
3cf3 433 270 25
3cf3 120 121 28
3cf3 334 39 31
3cf3 243 453 30
3cf3 336 111 29
3cf3 363 258 29
3cf3 89 448 34
3cf3 22 71 33
3cf3 441 490 33
3cf3 138 163 34
3cf3 90 309 35
3cf3 188 374 37
3cf3 314 411 39
3cf3 288 169 40
3cf3 84 484 37
3cf3 159 420 39
3cf3 168 114 40
3cf3 89 344 39
3cf3 336 66 41
3cf3 392 53 40
3cf3 268 432 42
3cf3 195 28 44
3cf3 79 183 45
3cf3 469 295 49
3cf3 323 55 50
3cf3 227 60 48
3cf3 312 135 48
3cf3 301 445 50
3cf3 236 448 48
3cf3 306 425 51
3cf3 133 467 52
3cf3 315 306 52
3cf3 421 422 54
3cf3 212 220 54
3cf3 133 257 53
3cf3 155 56 56
3cf3 123 400 57
3cf3 358 382 56
3cf3 187 429 61
3cf3 122 216 61
3cf3 416 299 62
3cf3 491 435 62
3cf3 303 59 62
3cf3 407 176 61
3cf3 236 475 60
3cf3 283 162 65
3cf3 172 58 68
3cf3 29 385 67
3cf3 371 67 68
3cf3 166 462 69
3cf3 481 70 71
3cf3 320 73 70
3cf3 178 96 69
3cf3 467 325 68
3cf3 234 400 71
3cf3 388 340 71
3cf3 227 447 72
3cf3 256 465 72
3cf3 462 470 73
3cf3 217 158 71
3cf3 389 409 72
3cf3 69 480 75
3cf3 58 137 77
3cf3 171 322 79
3cf3 216 159 77
3cf3 287 88 80
3cf3 332 370 79
3cf3 440 430 79
3cf3 136 318 80
3cf3 341 400 84
3cf3 282 369 83
3cf3 263 398 85
3cf3 397 473 85
3cf3 226 347 85
3cf3 202 108 85
3cf3 171 346 88
3cf3 264 166 88
3cf3 344 198 89
3cf3 227 457 92
3cf3 382 68 91
3cf3 429 152 89
3cf3 407 183 91
3cf3 66 309 90
3cf3 51 468 91
3cf3 136 62 91
3cf3 35 471 96
3cf3 111 449 99
3cf3 487 103 97
3cf3 224 427 96
3cf3 442 52 99
3cf3 120 256 99
3cf3 423 57 102
3cf3 242 113 103
3cf3 406 338 100
3cf3 182 86 105
3cf3 160 140 105
3cf3 300 247 104
3cf3 98 203 108
3cf3 488 85 111
3cf3 332 50 111
3cf3 208 481 113
3cf3 139 275 113
3cf3 240 39 116
3cf3 309 148 113
3cf3 177 475 112
3cf3 467 341 115
3cf3 136 477 112
3cf3 53 402 118
3cf3 479 267 120
3cf3 83 148 121
3cf3 181 124 119
3cf3 464 400 122
3cf3 218 211 123
3cf3 392 175 123
3cf3 79 20 125
3cf3 317 363 127
3cf3 483 354 127
3cf3 159 77 126
3cf3 23 229 128
3cf3 409 25 129
3cf3 155 170 130
3cf3 38 147 134
3cf3 29 390 132
3cf3 195 44 135
3cf3 62 293 135
3cf3 77 276 134
3cf3 164 353 137
3cf3 269 69 136
3cf3 384 107 136
3cf3 209 236 134
3cf3 176 191 140
3cf3 31 422 138
3cf3 138 475 141
3cf3 283 167 139
3cf3 46 375 140
3cf3 79 65 141
3cf3 476 349 142
3cf3 491 468 145
3cf3 384 60 144
3cf3 25 183 145
3cf3 391 26 148
3cf3 61 387 148
3cf3 271 426 146
3cf3 246 33 148
3cf3 79 469 145
3cf3 62 102 149
3cf3 466 20 148
3cf3 222 138 149
3cf3 381 221 152
3cf3 448 379 150
3cf3 102 24 154
3cf3 105 265 152
3cf3 457 415 153
3cf3 227 367 154
3cf3 367 93 156
3cf3 250 125 154
3cf3 349 321 154
3cf3 73 189 156
3cf3 289 209 155
3cf3 438 38 155
3cf3 406 162 158
3cf3 396 72 161
3cf3 226 100 159
3cf3 142 444 159
3cf3 340 475 160
3cf3 42 239 162
3cf3 335 360 162
3cf3 60 237 164
3cf3 29 262 167
3cf3 116 357 166
3cf3 66 398 167
3cf3 19 220 168
3cf3 110 413 165
3cf3 96 355 166
3cf3 238 261 171
3cf3 488 441 173
3cf3 100 478 170
3cf3 279 352 171
3cf3 161 241 174
3cf3 353 264 172
3cf3 181 309 172
3cf3 234 475 172
3cf3 70 70 175
3cf3 182 61 175
3cf3 338 82 176
3cf3 161 84 179
3cf3 60 446 178
3cf3 429 23 179
3cf3 373 161 178
3cf3 20 309 180
3cf3 406 110 179
1s3x 172 98 9
1s3x 331 146 9
1s3x 461 76 10
1s3x 321 224 11
1s3x 413 56 10
1s3x 490 332 12
1s3x 124 60 11
1s3x 204 280 11
1s3x 203 192 13
1s3x 137 97 14
1s3x 440 32 15
1s3x 473 141 15
1s3x 174 325 16
1s3x 458 108 17
1s3x 158 250 20
1s3x 249 290 18
1s3x 283 323 19
1s3x 466 86 19
1s3x 446 142 21
1s3x 236 286 21
1s3x 270 99 23
1s3x 200 43 24
1s3x 78 70 24
1s3x 446 141 25
1s3x 419 373 25
1s3x 346 294 27
1s3x 18 153 28
1s3x 418 374 28
1s3x 64 304 32
1s3x 349 375 29
1s3x 363 24 31
1s3x 13 230 31
1s3x 185 265 31
1s3x 465 466 31
1s3x 440 180 36
1s3x 268 270 37
1s3x 222 368 35
1s3x 187 62 41
1s3x 358 214 37
1s3x 491 482 40
1s3x 365 86 40
1s3x 490 303 42
1s3x 222 300 42
1s3x 29 346 41
1s3x 406 122 43
1s3x 47 288 44
1s3x 366 86 45
1s3x 258 302 47
1s3x 140 95 48
1s3x 358 282 47
1s3x 434 267 49
1s3x 185 154 49
1s3x 278 71 50
1s3x 204 336 49
1s3x 248 34 53
1s3x 473 69 52
1s3x 362 170 54
1s3x 10 398 53
1s3x 331 248 57
1s3x 187 405 55
1s3x 474 415 54
1s3x 345 450 55
1s3x 428 231 57
1s3x 446 75 57
1s3x 342 370 58
1s3x 453 378 58
1s3x 157 481 61
1s3x 427 174 64
1s3x 218 366 62
1s3x 445 468 63
1s3x 290 15 65
1s3x 90 303 63
1s3x 278 315 64
1s3x 498 112 66
1s3x 14 114 66
1s3x 104 210 67
1s3x 274 352 67
1s3x 468 382 68
1s3x 16 96 68
1s3x 290 351 68
1s3x 490 296 69
1s3x 470 399 69
1s3x 470 234 70
1s3x 50 408 70
1s3x 109 58 72
1s3x 280 106 72
1s3x 28 153 74
1s3x 171 46 75
1s3x 333 69 75
1s3x 500 225 76
1s3x 194 300 78
1s3x 57 34 76
1s3x 262 236 80
1s3x 32 81 81
1s3x 307 256 81
1s3x 366 47 82
1s3x 314 202 83
1s3x 18 72 84
1s3x 333 241 85
1s3x 442 351 87
1s3x 26 286 85
1s3x 260 238 86
1s3x 490 385 87
1s3x 179 278 88
1s3x 486 363 88
1s3x 252 305 91
1s3x 22 322 91
1s3x 78 169 92
1s3x 314 447 92
1s3x 315 42 93
1s3x 298 198 94
1s3x 364 93 96
1s3x 219 498 97
1s3x 374 354 98
1s3x 64 31 100
1s3x 208 147 100
1s3x 362 314 101
1s3x 375 66 103
1s3x 226 354 101
1s3x 298 143 102
1s3x 18 38 103
1s3x 113 221 103
1s3x 472 308 105
1s3x 132 288 104
1s3x 361 42 106
1s3x 324 225 108
1s3x 377 174 109
1s3x 471 503 109
1s3x 287 207 109
1s3x 191 287 109
1s3x 104 289 109
1s3x 91 49 113
1s3x 319 462 114
1s3x 402 74 113
1s3x 105 290 113
1s3x 240 303 113
1s3x 371 470 114
1s3x 265 40 116
1s3x 402 75 116
1s3x 209 350 116
1s3x 94 31 116
1s3x 375 280 118
1s3x 66 287 119
1s3x 203 289 119
1s3x 154 106 121
1s3x 185 192 122
1s3x 251 369 123
1s3x 58 16 123
1s3x 213 410 124
1s3x 104 80 123
1s3x 72 308 125
1s3x 375 250 126
1s3x 233 363 127
1s3x 468 175 126
1s3x 66 232 126
1s3x 363 149 129
1s3x 333 234 128
1s3x 65 450 130
1s3x 205 168 130
1s3x 278 194 131
1s3x 459 413 131
1s3x 92 111 132
1s3x 66 125 135
1s3x 88 476 132
1s3x 305 325 135
1s3x 284 74 137
1s3x 369 122 138
1s3x 500 237 138
1s3x 178 62 139
1s3x 469 177 141
1s3x 64 207 139
1s3x 193 273 140
1s3x 270 313 141
1s3x 345 92 141
1s3x 200 286 140
1s3x 65 206 142
1s3x 346 287 144
1s3x 89 19 144
1s3x 219 390 144
1s3x 107 228 144
1s3x 490 19 146
1s3x 266 412 148
1s3x 458 233 150
1s3x 12 457 151
1s3x 328 225 152
1s3x 186 20 151
1s3x 488 215 152
1s3x 38 58 154
1s3x 360 16 158
1s3x 251 55 157
1s3x 326 207 155
1s3x 373 464 157
1s3x 146 470 158
1s3x 40 59 158
1s3x 338 108 157
1s3x 94 97 161
1s3x 482 284 162
1s3x 33 47 164
1s3x 320 333 162
1s3x 242 107 162
1s3x 364 342 163
1s3x 298 69 163
1s3x 207 239 163
1s3x 337 93 167
1s3x 468 429 166
1s3x 353 64 167
1s3x 456 318 167
1s3x 242 461 168
1s3x 367 179 168
1s3x 211 106 170
1s3x 340 239 173
1s3x 491 304 172
1s3x 282 300 174
1s3x 226 197 175
1s3x 267 217 177
1s3x 473 395 178
1s3x 206 57 179
1s3x 313 111 179
1s3x 430 200 178
1s3x 272 286 181
1s3x 307 238 180
1s3x 235 161 181
1s3x 402 343 181
1s3x 434 379 183
1s3x 402 342 184
1s3x 480 191 186
1s3x 461 251 185
1s3x 438 306 185
1s3x 305 17 187
1s3x 462 79 186
1s3x 216 56 188
1s3x 80 96 190
1s3x 349 76 189
1u6g 270 151 18
1u6g 189 183 18
1u6g 143 410 21
1u6g 309 16 20
1u6g 212 331 22
1u6g 114 64 24
1u6g 74 392 22
1u6g 374 213 22
1u6g 31 341 22
1u6g 158 395 26
1u6g 396 329 23
1u6g 376 79 27
1u6g 98 46 31
1u6g 460 182 31
1u6g 408 268 33
1u6g 136 60 33
1u6g 34 169 35
1u6g 140 221 35
1u6g 417 19 40
1u6g 400 88 40
1u6g 219 205 44
1u6g 239 98 45
1u6g 122 200 42
1u6g 326 358 42
1u6g 246 405 43
1u6g 25 359 44
1u6g 399 229 47
1u6g 169 35 52
1u6g 48 233 48
1u6g 286 295 52
1u6g 124 151 54
1u6g 483 81 56
1u6g 184 69 54
1u6g 299 233 57
1u6g 242 141 61
1u6g 316 153 60
1u6g 35 171 57
1u6g 93 332 58
1u6g 243 374 62
1u6g 371 245 62
1u6g 114 37 65
1u6g 87 364 64
1u6g 412 450 65
1u6g 368 148 67
1u6g 270 405 68
1u6g 459 151 68
1u6g 284 163 70
1u6g 413 277 73
1u6g 184 340 72
1u6g 174 305 73
1u6g 341 32 77
1u6g 118 90 79
1u6g 59 227 80
1u6g 361 382 82
1u6g 24 486 85
1u6g 294 416 85
1u6g 485 404 86
1u6g 448 70 87
1u6g 161 179 87
1u6g 148 37 88
1u6g 201 195 88
1u6g 102 145 92
1u6g 230 141 92
1u6g 191 335 94
1u6g 118 83 99
1u6g 409 75 97
1u6g 227 306 96
1u6g 165 285 99
1u6g 104 324 100
1u6g 155 398 98
1u6g 488 346 101
1u6g 299 464 104
1u6g 242 147 106
1u6g 51 496 107
1u6g 388 243 106
1u6g 156 121 108
1u6g 254 149 108
1u6g 485 44 111
1u6g 145 184 110
1u6g 408 301 110
1u6g 286 208 112
1u6g 67 39 116
1u6g 198 136 115
1u6g 274 274 115
1u6g 223 109 118
1u6g 371 251 120
1u6g 341 160 122
1u6g 132 362 123
1u6g 395 460 125
1u6g 232 331 124
1u6g 180 143 127
1u6g 245 420 128
1u6g 455 140 127
1u6g 253 188 127
1u6g 476 153 129
1u6g 100 260 130
1u6g 227 94 132
1u6g 297 272 130
1u6g 229 401 131
1u6g 109 249 136
1u6g 251 478 135
1u6g 328 330 137
1u6g 62 320 140
1u6g 223 314 138
1u6g 200 327 141
1u6g 229 401 141
1u6g 123 344 142
1u6g 224 65 146
1u6g 71 156 147
1u6g 120 331 147
1u6g 220 438 145
1u6g 245 199 147
1u6g 229 221 148
1u6g 236 82 149
1u6g 392 369 152
1u6g 298 194 157
1u6g 290 21 159
1u6g 61 237 160
1u6g 297 263 161
1u6g 100 176 163
1u6g 393 223 164
1u6g 244 277 166
1u6g 321 142 171
1u6g 301 72 169
1u6g 362 93 172
1u6g 75 38 177
1u6g 287 243 179
1u6g 100 296 176
1u6g 134 241 181
1u6g 288 283 178
1u6g 300 166 181
1u6g 83 85 180
1u6g 306 362 186
4cr2 323 255 26
4cr2 375 284 29
4cr2 398 471 30
4cr2 309 241 34
4cr2 437 33 32
4cr2 453 161 32
4cr2 411 408 33
4cr2 364 108 31
4cr2 230 176 33
4cr2 241 232 34
4cr2 43 480 33
4cr2 330 453 37
4cr2 59 368 36
4cr2 279 307 37
4cr2 360 160 37
4cr2 387 209 40
4cr2 392 255 40
4cr2 237 363 40
4cr2 182 217 40
4cr2 448 450 41
4cr2 340 345 40
4cr2 367 257 44
4cr2 459 367 43
4cr2 247 167 46
4cr2 167 269 41
4cr2 402 431 45
4cr2 290 49 45
4cr2 335 482 44
4cr2 395 52 45
4cr2 471 234 47
4cr2 196 129 51
4cr2 224 383 50
4cr2 339 394 52
4cr2 105 394 50
4cr2 213 156 53
4cr2 171 235 53
4cr2 245 278 51
4cr2 329 275 52
4cr2 419 480 51
4cr2 143 235 53
4cr2 445 336 52
4cr2 266 207 54
4cr2 182 349 52
4cr2 66 414 56
4cr2 457 44 59
4cr2 52 60 59
4cr2 147 430 63
4cr2 409 36 62
4cr2 89 105 62
4cr2 318 243 62
4cr2 307 397 64
4cr2 327 345 64
4cr2 378 369 62
4cr2 468 183 66
4cr2 301 280 66
4cr2 138 96 63
4cr2 197 195 64
4cr2 233 354 66
4cr2 306 442 68
4cr2 283 257 68
4cr2 112 251 71
4cr2 343 457 68
4cr2 343 111 70
4cr2 110 380 70
4cr2 227 204 71
4cr2 308 217 73
4cr2 110 126 75
4cr2 232 326 74
4cr2 383 32 73
4cr2 425 55 71
4cr2 197 324 73
4cr2 46 352 72
4cr2 54 173 73
4cr2 185 482 73
4cr2 153 131 78
4cr2 370 436 76
4cr2 311 33 77
4cr2 416 442 77
4cr2 130 175 80
4cr2 208 463 80
4cr2 365 131 82
4cr2 138 357 81
4cr2 288 176 83
4cr2 435 242 84
4cr2 357 245 84
4cr2 429 278 86
4cr2 418 362 88
4cr2 48 440 86
4cr2 147 84 87
4cr2 484 283 87
4cr2 231 138 86
4cr2 228 69 91
4cr2 358 278 89
4cr2 306 373 91
4cr2 370 168 91
4cr2 304 333 92
4cr2 402 45 95
4cr2 156 158 94
4cr2 342 98 94
4cr2 62 275 95
4cr2 68 361 95
4cr2 41 246 98
4cr2 186 315 96
4cr2 301 284 99
4cr2 282 115 99
4cr2 50 224 100
4cr2 249 327 101
4cr2 127 388 102
4cr2 244 256 104
4cr2 112 129 104
4cr2 35 141 103
4cr2 401 323 108
4cr2 40 105 108
4cr2 277 155 108
4cr2 323 180 107
4cr2 33 196 106
4cr2 199 59 109
4cr2 186 384 108
4cr2 158 411 108
4cr2 449 164 107
4cr2 262 477 108
4cr2 423 176 110
4cr2 168 224 111
4cr2 317 132 113
4cr2 250 353 114
4cr2 93 166 114
4cr2 209 446 113
4cr2 265 311 112
4cr2 215 267 115
4cr2 82 383 116
4cr2 296 115 118
4cr2 358 128 121
4cr2 331 199 118
4cr2 418 77 120
4cr2 292 36 122
4cr2 380 80 123
4cr2 121 189 127
4cr2 355 93 125
4cr2 362 235 125
4cr2 434 366 125
4cr2 275 470 125
4cr2 450 85 126
4cr2 407 223 127
4cr2 120 292 127
4cr2 408 373 129
4cr2 414 132 129
4cr2 132 219 129
4cr2 213 301 128
4cr2 321 154 131
4cr2 324 397 130
4cr2 105 422 130
4cr2 306 95 132
4cr2 33 467 131
4cr2 351 114 134
4cr2 433 195 133
4cr2 418 400 135
4cr2 106 56 137
4cr2 170 105 138
4cr2 395 397 136
4cr2 468 76 138
4cr2 246 321 144
4cr2 92 349 140
4cr2 385 58 139
4cr2 103 386 142
4cr2 164 379 142
4cr2 108 155 145
4cr2 128 309 146
4cr2 303 39 144
4cr2 466 269 146
4cr2 424 113 149
4cr2 238 295 148
4cr2 338 74 152
4cr2 399 293 151
4cr2 361 51 152
4cr2 34 87 151
4cr2 102 129 153
4cr2 221 137 154
4cr2 177 248 156
4cr2 239 393 155
4cr2 216 416 154
4cr2 115 437 156
4cr2 447 69 159
4cr2 77 284 153
4cr2 83 324 156
4cr2 385 341 156
4cr2 42 446 154
4cr2 149 132 157
4cr2 304 288 157
4cr2 311 317 158
4cr2 265 357 155
4cr2 212 166 161
4cr2 463 246 158
4cr2 322 54 160
4cr2 245 353 159
4cr2 292 404 158
4cr2 450 302 163
4cr2 171 198 163
4cr2 281 103 164
4cr2 363 204 165
4cr2 133 413 164
4cr2 160 417 166
4cr2 200 361 166
4cr2 268 391 167
4cr2 133 196 168
4cr2 371 423 169
4cr2 409 308 171
4cr2 158 475 168
4cr2 390 221 171
1qvr 165 292 21
1qvr 373 353 23
1qvr 196 425 23
1qvr 93 282 23
1qvr 382 94 23
1qvr 432 270 23
1qvr 81 111 28
1qvr 298 168 24
1qvr 255 306 25
1qvr 307 114 26
1qvr 310 191 27
1qvr 165 293 28
1qvr 362 107 27
1qvr 139 144 28
1qvr 219 440 34
1qvr 92 330 30
1qvr 34 435 34
1qvr 159 186 35
1qvr 241 321 33
1qvr 139 294 35
1qvr 459 313 38
1qvr 107 282 36
1qvr 280 308 33
1qvr 376 284 35
1qvr 23 70 37
1qvr 75 49 39
1qvr 424 324 39
1qvr 362 486 40
1qvr 141 39 40
1qvr 167 114 41
1qvr 455 126 45
1qvr 426 383 41
1qvr 469 235 42
1qvr 61 299 46
1qvr 134 396 41
1qvr 106 280 41
1qvr 277 305 41
1qvr 250 342 44
1qvr 470 406 43
1qvr 360 56 48
1qvr 168 269 44
1qvr 458 367 45
1qvr 409 72 48
1qvr 184 348 48
1qvr 335 392 46
1qvr 312 85 53
1qvr 156 167 49
1qvr 471 233 49
1qvr 69 374 53
1qvr 203 478 50
1qvr 133 260 51
1qvr 214 289 53
1qvr 469 295 51
1qvr 106 89 54
1qvr 487 252 55
1qvr 165 308 55
1qvr 95 269 58
1qvr 134 324 55
1qvr 437 145 59
1qvr 203 480 56
1qvr 233 432 59
1qvr 456 254 59
1qvr 165 271 66
1qvr 149 427 58
1qvr 458 148 61
1qvr 77 137 60
1qvr 166 304 61
1qvr 55 60 65
1qvr 255 309 66
1qvr 264 128 67
1qvr 380 368 66
1qvr 89 104 66
1qvr 466 184 70
1qvr 197 192 67
1qvr 270 424 66
1qvr 458 151 68
1qvr 156 203 67
1qvr 389 257 70
1qvr 349 353 69
1qvr 288 483 68
1qvr 102 73 74
1qvr 282 257 72
1qvr 175 172 76
1qvr 255 57 76
1qvr 186 76 77
1qvr 153 451 81
1qvr 392 89 79
1qvr 79 237 83
1qvr 177 362 79
1qvr 296 47 82
1qvr 189 235 87
1qvr 482 283 85
1qvr 83 85 88
1qvr 364 216 87
1qvr 73 417 85
1qvr 392 89 85
1qvr 479 239 88
1qvr 440 393 85
1qvr 488 192 89
1qvr 205 284 90
1qvr 458 92 87
1qvr 373 96 88
1qvr 310 238 89
1qvr 482 315 92
1qvr 263 365 89
1qvr 63 93 95
1qvr 299 154 91
1qvr 184 312 92
1qvr 263 129 95
1qvr 418 128 93
1qvr 488 347 97
1qvr 425 150 95
1qvr 370 166 93
1qvr 435 181 94
1qvr 101 191 94
1qvr 91 218 95
1qvr 359 280 94
1qvr 421 362 94
1qvr 298 398 96
1qvr 154 160 97
1qvr 467 401 98
1qvr 417 129 100
1qvr 397 264 104
1qvr 450 358 99
1qvr 254 293 104
1qvr 187 318 101
1qvr 70 360 101
1qvr 280 159 102
1qvr 40 286 102
1qvr 210 327 105
1qvr 84 320 111
1qvr 63 430 107
1qvr 461 260 112
1qvr 353 316 112
1qvr 226 284 108
1qvr 312 421 108
1qvr 33 144 110
1qvr 99 361 112
1qvr 425 173 113
1qvr 439 107 114
1qvr 171 182 121
1qvr 165 258 122
1qvr 431 261 118
1qvr 233 331 121
1qvr 269 312 118
1qvr 433 391 119
1qvr 380 382 121
1qvr 57 484 120
1qvr 215 264 121
1qvr 396 276 123
1qvr 133 406 122
1qvr 413 131 123
1qvr 432 264 128
1qvr 209 302 122
1qvr 93 301 128
1qvr 445 427 124
1qvr 48 229 126
1qvr 199 365 126
1qvr 166 315 131
1qvr 56 481 129
1qvr 444 345 129
1qvr 108 55 131
1qvr 444 428 131
1qvr 214 300 131
1qvr 238 71 134
1qvr 198 363 133
1qvr 483 374 134
1qvr 166 479 137
1qvr 142 60 139
1qvr 169 106 136
1qvr 46 164 135
1qvr 485 208 139
1qvr 407 319 140
1qvr 467 77 142
1qvr 409 151 140
1qvr 221 313 144
1qvr 462 269 141
1qvr 139 263 145
1qvr 311 166 147
1qvr 153 457 144
1qvr 166 480 144
1qvr 171 102 144
1qvr 462 317 148
1qvr 49 62 146
1qvr 469 454 146
1qvr 268 229 148
1qvr 302 137 150
1qvr 465 271 149
1qvr 468 100 154
1qvr 299 106 154
1qvr 206 217 155
1qvr 83 325 151
1qvr 423 114 150
1qvr 309 320 154
1qvr 413 336 153
1qvr 214 416 152
1qvr 182 122 157
1qvr 423 114 154
1qvr 237 299 154
1qvr 481 321 158
1qvr 341 287 157
1qvr 145 108 159
1qvr 481 475 159
1qvr 137 359 163
1qvr 361 207 160
1qvr 449 302 160
1qvr 106 109 165
1qvr 99 274 165
1qvr 143 41 164
1qvr 463 244 163
1qvr 470 349 167
1qvr 62 370 163
1qvr 485 476 165
1qvr 137 262 169
1qvr 414 351 167
1qvr 173 196 169
1qvr 169 439 173
1qvr 320 426 174
1qvr 410 268 176
1qvr 192 35 173
1qvr 170 150 174
1qvr 295 222 174
1qvr 70 70 176
1qvr 84 86 181
3h84 321 465 16
3h84 320 42 18
3h84 142 44 20
3h84 295 287 19
3h84 197 82 19
3h84 83 464 21
3h84 432 420 23
3h84 136 177 22
3h84 364 388 24
3h84 295 80 27
3h84 346 181 29
3h84 40 42 29
3h84 110 135 29
3h84 188 126 32
3h84 300 410 31
3h84 121 121 34
3h84 335 370 35
3h84 336 322 39
3h84 428 428 37
3h84 386 112 39
3h84 243 400 37
3h84 307 391 41
3h84 280 72 40
3h84 160 17 41
3h84 389 23 43
3h84 242 274 44
3h84 412 343 48
3h84 362 160 46
3h84 28 183 46
3h84 261 133 49
3h84 242 418 49
3h84 447 283 51
3h84 82 450 50
3h84 494 293 51
3h84 490 160 52
3h84 275 409 55
3h84 279 184 57
3h84 80 250 56
3h84 203 408 59
3h84 91 299 61
3h84 404 332 59
3h84 76 323 62
3h84 317 310 60
3h84 364 21 63
3h84 168 328 64
3h84 294 132 65
3h84 319 179 67
3h84 444 194 68
3h84 487 98 70
3h84 90 428 70
3h84 90 481 71
3h84 364 356 74
3h84 228 37 77
3h84 442 55 76
3h84 270 244 77
3h84 323 264 77
3h84 448 79 78
3h84 343 294 81
3h84 90 139 85
3h84 327 492 86
3h84 462 118 85
3h84 492 158 87
3h84 178 274 84
3h84 77 40 89
3h84 346 101 87
3h84 386 394 90
3h84 402 166 93
3h84 418 479 93
3h84 207 29 93
3h84 476 433 95
3h84 429 283 95
3h84 86 70 96
3h84 228 160 96
3h84 48 40 99
3h84 390 106 100
3h84 92 407 105
3h84 19 172 106
3h84 153 234 103
3h84 369 451 107
3h84 272 236 108
3h84 415 144 110
3h84 63 165 112
3h84 495 158 112
3h84 359 292 113
3h84 184 296 112
3h84 151 62 114
3h84 342 217 115
3h84 30 480 116
3h84 197 135 119
3h84 199 177 120
3h84 342 216 118
3h84 54 100 121
3h84 190 274 124
3h84 27 443 126
3h84 104 470 127
3h84 147 310 129
3h84 56 420 127
3h84 96 199 130
3h84 377 368 130
3h84 263 18 133
3h84 243 269 134
3h84 342 478 135
3h84 278 197 134
3h84 336 51 135
3h84 493 71 139
3h84 244 210 137
3h84 65 471 137
3h84 245 350 140
3h84 282 128 140
3h84 23 360 141
3h84 484 148 141
3h84 188 207 142
3h84 491 23 142
3h84 131 170 144
3h84 387 247 145
3h84 394 263 143
3h84 347 425 148
3h84 197 118 149
3h84 435 488 149
3h84 300 37 152
3h84 417 278 154
3h84 62 297 152
3h84 175 437 155
3h84 491 75 157
3h84 367 229 157
3h84 50 307 159
3h84 317 415 157
3h84 65 146 160
3h84 403 145 161
3h84 238 394 162
3h84 97 94 165
3h84 44 194 166
3h84 112 341 167
3h84 225 179 173
3h84 208 229 174
3h84 45 418 171
3h84 61 417 171
3h84 135 121 174
3h84 100 442 176
3h84 232 281 180
3h84 287 330 180
3h84 418 280 180
3h84 45 247 183
2cg9 439 356 18
2cg9 32 441 18
2cg9 342 447 17
2cg9 332 156 18
2cg9 59 355 18
2cg9 253 173 22
2cg9 63 32 23
2cg9 152 434 26
2cg9 62 447 24
2cg9 456 73 29
2cg9 419 109 27
2cg9 105 223 30
2cg9 256 159 30
2cg9 387 372 32
2cg9 318 20 34
2cg9 163 130 35
2cg9 382 133 34
2cg9 52 150 34
2cg9 407 268 34
2cg9 180 485 36
2cg9 132 464 35
2cg9 30 110 37
2cg9 191 456 37
2cg9 90 448 38
2cg9 470 336 40
2cg9 408 146 40
2cg9 58 163 43
2cg9 277 136 42
2cg9 183 117 45
2cg9 377 308 45
2cg9 267 88 46
2cg9 47 126 49
2cg9 390 153 45
2cg9 201 392 48
2cg9 404 316 47
2cg9 381 122 48
2cg9 423 195 48
2cg9 199 422 49
2cg9 272 114 51
2cg9 100 486 52
2cg9 456 100 54
2cg9 106 360 59
2cg9 305 172 57
2cg9 203 408 58
2cg9 100 486 58
2cg9 25 128 60
2cg9 349 186 61
2cg9 105 91 62
2cg9 206 82 64
2cg9 208 237 64
2cg9 141 403 67
2cg9 171 221 68
2cg9 342 19 70
2cg9 435 395 68
2cg9 92 219 72
2cg9 71 62 71
2cg9 88 169 71
2cg9 27 382 69
2cg9 159 105 74
2cg9 287 119 76
2cg9 302 276 75
2cg9 71 65 76
2cg9 45 479 79
2cg9 319 383 81
2cg9 167 403 85
2cg9 488 192 83
2cg9 71 459 84
2cg9 41 395 85
2cg9 389 223 88
2cg9 61 390 91
2cg9 137 208 92
2cg9 72 217 93
2cg9 342 134 93
2cg9 264 168 91
2cg9 489 212 92
2cg9 487 261 94
2cg9 150 315 98
2cg9 56 404 99
2cg9 347 463 101
2cg9 41 267 102
2cg9 353 88 104
2cg9 214 86 106
2cg9 59 271 104
2cg9 280 328 105
2cg9 359 396 106
2cg9 185 18 106
2cg9 224 129 105
2cg9 79 475 106
2cg9 174 196 108
2cg9 84 319 107
2cg9 255 103 111
2cg9 427 462 112
2cg9 257 83 111
2cg9 152 159 111
2cg9 261 173 112
2cg9 136 145 112
2cg9 63 164 112
2cg9 152 199 115
2cg9 407 98 114
2cg9 103 103 119
2cg9 153 379 116
2cg9 407 96 117
2cg9 144 88 120
2cg9 320 283 121
2cg9 327 466 124
2cg9 190 23 122
2cg9 83 148 121
2cg9 45 332 123
2cg9 279 418 124
2cg9 473 202 125
2cg9 178 161 124
2cg9 83 148 126
2cg9 27 472 127
2cg9 350 24 128
2cg9 394 194 129
2cg9 310 60 129
2cg9 358 291 131
2cg9 486 174 132
2cg9 425 419 134
2cg9 391 146 135
2cg9 214 361 140
2cg9 65 471 139
2cg9 493 70 139
2cg9 418 256 140
2cg9 78 289 142
2cg9 277 290 145
2cg9 171 291 146
2cg9 265 353 146
2cg9 133 31 146
2cg9 310 72 148
2cg9 86 52 152
2cg9 49 257 150
2cg9 261 16 154
2cg9 55 21 153
2cg9 123 47 152
2cg9 77 380 154
2cg9 155 395 153
2cg9 401 449 154
2cg9 61 72 159
2cg9 91 250 157
2cg9 420 154 160
2cg9 20 107 161
2cg9 216 452 161
2cg9 365 121 163
2cg9 329 181 164
2cg9 165 45 163
2cg9 247 84 167
2cg9 96 355 167
2cg9 84 391 172
2cg9 83 61 169
2cg9 487 401 169
2cg9 62 416 172
2cg9 83 485 169
2cg9 330 157 171
2cg9 135 121 174
2cg9 62 372 171
2cg9 79 204 176
2cg9 21 249 176
2cg9 211 376 176
2cg9 382 494 176
2cg9 95 332 177
2cg9 241 86 180
2cg9 389 131 180
2cg9 65 496 179
2cg9 54 166 182
2cg9 143 385 182
2cg9 260 240 183
2cg9 407 420 184
2cg9 143 383 188
3qm1 22 173 8
3qm1 364 444 11
3qm1 206 474 12
3qm1 129 222 15
3qm1 179 427 15
3qm1 323 484 15
3qm1 283 323 18
3qm1 158 249 20
3qm1 236 419 22
3qm1 146 489 23
3qm1 446 141 24
3qm1 251 415 27
3qm1 183 168 31
3qm1 486 141 36
3qm1 72 427 37
3qm1 225 88 38
3qm1 452 430 38
3qm1 230 478 39
3qm1 231 158 40
3qm1 489 302 41
3qm1 253 74 43
3qm1 38 452 44
3qm1 149 443 49
3qm1 335 107 50
3qm1 336 295 51
3qm1 453 308 53
3qm1 187 404 53
3qm1 188 325 54
3qm1 311 328 56
3qm1 480 12 59
3qm1 110 458 58
3qm1 316 40 60
3qm1 252 162 59
3qm1 412 395 62
3qm1 99 147 62
3qm1 174 32 63
3qm1 158 44 65
3qm1 470 399 69
3qm1 339 164 71
3qm1 51 408 70
3qm1 470 234 71
3qm1 28 153 74
3qm1 194 300 77
3qm1 500 225 77
3qm1 293 354 78
3qm1 75 360 79
3qm1 242 267 80
3qm1 355 99 80
3qm1 26 251 84
3qm1 395 71 86
3qm1 470 219 86
3qm1 376 328 90
3qm1 161 500 92
3qm1 326 359 94
3qm1 317 390 94
3qm1 68 194 96
3qm1 405 495 98
3qm1 153 264 100
3qm1 227 354 102
3qm1 17 37 103
3qm1 144 334 106
3qm1 118 171 111
3qm1 149 257 112
3qm1 402 75 115
3qm1 184 218 116
3qm1 301 438 116
3qm1 200 37 118
3qm1 390 250 122
3qm1 246 124 123
3qm1 79 342 123
3qm1 214 410 124
3qm1 174 72 124
3qm1 454 184 125
3qm1 66 232 125
3qm1 224 130 126
3qm1 66 450 131
3qm1 205 168 132
3qm1 88 476 132
3qm1 230 349 136
3qm1 239 134 136
3qm1 396 371 137
3qm1 346 388 142
3qm1 65 426 140
3qm1 119 25 143
3qm1 315 13 147
3qm1 445 470 148
3qm1 167 70 150
3qm1 185 332 151
3qm1 13 457 151
3qm1 418 422 152
3qm1 306 439 153
3qm1 39 58 156
3qm1 149 174 158
3qm1 495 436 159
3qm1 423 284 164
3qm1 95 27 166
3qm1 337 92 167
3qm1 242 461 167
3qm1 368 178 169
3qm1 38 294 167
3qm1 226 196 174
3qm1 55 216 174
3qm1 92 74 176
3qm1 388 422 176
3qm1 208 437 177
3qm1 229 435 183
3qm1 22 387 185
3qm1 305 138 186
3qm1 148 280 185
3qm1 200 388 187
3qm1 123 493 189
3gl1 128 222 16
3gl1 174 325 16
3gl1 179 427 16
3gl1 369 20 18
3gl1 348 79 21
3gl1 376 76 21
3gl1 434 296 22
3gl1 26 462 24
3gl1 407 448 23
3gl1 99 120 26
3gl1 42 181 28
3gl1 119 426 30
3gl1 350 491 30
3gl1 402 66 33
3gl1 385 434 33
3gl1 416 170 35
3gl1 221 368 34
3gl1 418 20 35
3gl1 215 347 34
3gl1 440 275 36
3gl1 292 336 36
3gl1 27 453 38
3gl1 423 460 38
3gl1 219 345 41
3gl1 126 77 41
3gl1 291 208 43
3gl1 253 74 43
3gl1 217 359 46
3gl1 33 459 52
3gl1 365 76 54
3gl1 288 469 53
3gl1 345 449 54
3gl1 234 292 56
3gl1 258 252 57
3gl1 409 453 58
3gl1 296 360 62
3gl1 290 16 63
3gl1 124 78 62
3gl1 61 112 66
3gl1 496 393 65
3gl1 225 234 69
3gl1 43 427 68
3gl1 36 201 68
3gl1 299 411 68
3gl1 313 352 75
3gl1 356 53 76
3gl1 37 456 78
3gl1 26 285 83
3gl1 326 302 83
3gl1 130 202 84
3gl1 186 385 84
3gl1 370 459 85
3gl1 329 274 85
3gl1 26 432 85
3gl1 291 263 89
3gl1 297 198 90
3gl1 343 367 90
3gl1 476 433 95
3gl1 315 205 95
3gl1 375 354 94
3gl1 19 416 96
3gl1 282 457 96
3gl1 379 258 100
3gl1 441 125 106
3gl1 437 459 106
3gl1 254 60 110
3gl1 238 463 114
3gl1 289 210 116
3gl1 286 330 118
3gl1 61 366 120
3gl1 111 395 121
3gl1 426 449 120
3gl1 304 457 123
3gl1 290 333 125
3gl1 233 363 126
3gl1 214 474 126
3gl1 232 122 128
3gl1 451 15 129
3gl1 324 212 133
3gl1 155 17 133
3gl1 309 208 133
3gl1 169 13 136
3gl1 219 194 137
3gl1 345 92 142
3gl1 290 213 142
3gl1 449 314 141
3gl1 119 25 143
3gl1 368 360 144
3gl1 220 265 147
3gl1 229 331 148
3gl1 370 154 147
3gl1 286 195 150
3gl1 373 464 154
3gl1 241 105 153
3gl1 242 108 157
3gl1 295 195 160
3gl1 242 108 160
3gl1 440 396 160
3gl1 160 102 164
3gl1 225 336 163
3gl1 422 451 167
3gl1 328 276 168
3gl1 44 365 167
3gl1 318 104 172
3gl1 441 127 173
3gl1 289 284 172
3gl1 234 332 175
3gl1 42 277 177
3gl1 208 438 178
3gl1 180 464 178
3gl1 266 466 179
3gl1 235 162 181
3gl1 430 390 184
3gl1 118 468 184
3gl1 368 241 185
3gl1 349 77 188
3gl1 80 96 190
3gl1 369 243 189
3d2f 465 481 19
3d2f 470 464 20
3d2f 312 300 26
3d2f 472 496 26
3d2f 344 295 33
3d2f 478 92 29
3d2f 348 468 33
3d2f 369 458 32
3d2f 473 497 31
3d2f 355 134 32
3d2f 465 466 33
3d2f 217 347 36
3d2f 204 167 38
3d2f 463 352 36
3d2f 86 209 43
3d2f 480 384 45
3d2f 327 358 43
3d2f 454 130 46
3d2f 223 329 48
3d2f 474 129 52
3d2f 458 440 53
3d2f 473 416 56
3d2f 100 486 54
3d2f 101 473 56
3d2f 363 493 57
3d2f 124 191 60
3d2f 103 214 56
3d2f 93 332 59
3d2f 452 221 64
3d2f 337 312 65
3d2f 292 133 68
3d2f 88 364 64
3d2f 497 393 66
3d2f 209 136 67
3d2f 369 291 67
3d2f 208 300 68
3d2f 486 322 70
3d2f 73 342 68
3d2f 469 380 74
3d2f 175 306 72
3d2f 92 219 73
3d2f 246 166 73
3d2f 208 341 77
3d2f 73 342 75
3d2f 313 354 78
3d2f 470 441 79
3d2f 344 491 82
3d2f 92 342 80
3d2f 334 244 81
3d2f 488 363 83
3d2f 479 129 84
3d2f 367 461 88
3d2f 200 194 89
3d2f 89 342 86
3d2f 484 404 85
3d2f 464 256 89
3d2f 89 281 89
3d2f 210 387 88
3d2f 342 133 91
3d2f 90 458 90
3d2f 343 367 90
3d2f 451 487 90
3d2f 471 174 95
3d2f 476 433 95
3d2f 182 129 96
3d2f 468 140 100
3d2f 478 472 105
3d2f 196 283 104
3d2f 85 318 107
3d2f 334 359 111
3d2f 288 209 113
3d2f 469 322 110
3d2f 481 386 110
3d2f 202 419 110
3d2f 199 135 115
3d2f 476 441 118
3d2f 322 308 120
3d2f 484 495 118
3d2f 330 382 118
3d2f 332 441 124
3d2f 328 466 124
3d2f 464 227 124
3d2f 476 153 128
3d2f 351 203 128
3d2f 462 118 129
3d2f 480 121 129
3d2f 297 68 133
3d2f 484 291 135
3d2f 464 300 132
3d2f 476 443 137
3d2f 201 327 139
3d2f 482 376 137
3d2f 470 457 138
3d2f 339 353 141
3d2f 139 347 140
3d2f 215 360 142
3d2f 482 406 141
3d2f 479 130 149
3d2f 480 250 152
3d2f 83 441 156
3d2f 373 464 154
3d2f 200 191 160
3d2f 474 438 159
3d2f 279 322 159
3d2f 111 296 158
3d2f 470 396 160
3d2f 475 218 160
3d2f 216 452 161
3d2f 197 444 163
3d2f 83 466 167
3d2f 368 484 162
3d2f 474 383 168
3d2f 237 131 170
3d2f 465 461 166
3d2f 69 198 170
3d2f 488 366 169
3d2f 101 296 175
3d2f 192 208 177
3d2f 343 248 182
4d8q 467 339 19
4d8q 183 445 18
4d8q 353 31 20
4d8q 217 205 21
4d8q 199 222 22
4d8q 409 225 21
4d8q 34 305 20
4d8q 471 416 22
4d8q 274 426 23
4d8q 135 238 26
4d8q 146 451 25
4d8q 259 139 28
4d8q 67 320 28
4d8q 175 332 30
4d8q 436 341 30
4d8q 118 450 31
4d8q 116 473 31
4d8q 92 71 32
4d8q 271 218 32
4d8q 175 395 32
4d8q 154 79 33
4d8q 209 235 34
4d8q 297 362 34
4d8q 120 50 35
4d8q 265 118 35
4d8q 270 43 37
4d8q 427 233 36
4d8q 347 269 37
4d8q 22 282 40
4d8q 112 163 42
4d8q 269 333 41
4d8q 217 111 42
4d8q 48 234 43
4d8q 345 245 41
4d8q 380 69 42
4d8q 309 208 45
4d8q 195 284 43
4d8q 162 293 45
4d8q 34 389 42
4d8q 286 88 47
4d8q 492 209 47
4d8q 282 277 48
4d8q 328 30 50
4d8q 349 211 49
4d8q 60 337 47
4d8q 127 19 52
4d8q 285 349 51
4d8q 42 203 52
4d8q 143 299 54
4d8q 167 83 54
4d8q 163 397 55
4d8q 399 94 57
4d8q 329 218 56
4d8q 126 49 56
4d8q 64 465 57
4d8q 102 422 59
4d8q 60 492 57
4d8q 84 32 59
4d8q 40 100 59
4d8q 374 102 62
4d8q 203 359 62
4d8q 476 266 65
4d8q 131 278 63
4d8q 354 310 65
4d8q 192 384 62
4d8q 235 52 66
4d8q 461 70 68
4d8q 396 230 68
4d8q 488 372 66
4d8q 406 140 68
4d8q 361 214 68
4d8q 388 255 68
4d8q 67 301 69
4d8q 206 24 69
4d8q 280 300 71
4d8q 472 348 71
4d8q 74 204 71
4d8q 341 223 72
4d8q 267 374 72
4d8q 103 331 73
4d8q 231 296 75
4d8q 441 363 74
4d8q 157 28 75
4d8q 124 486 77
4d8q 114 404 77
4d8q 397 113 80
4d8q 369 485 81
4d8q 45 303 81
4d8q 145 386 82
4d8q 324 151 82
4d8q 213 255 85
4d8q 157 229 87
4d8q 98 386 86
4d8q 194 161 86
4d8q 102 295 88
4d8q 66 155 89
4d8q 337 171 89
4d8q 228 178 90
4d8q 474 37 90
4d8q 309 107 91
4d8q 278 481 91
4d8q 121 42 92
4d8q 334 430 93
4d8q 440 28 94
4d8q 193 468 94
4d8q 370 429 97
4d8q 179 453 98
4d8q 339 41 98
4d8q 449 336 99
4d8q 485 486 100
4d8q 273 264 102
4d8q 152 379 100
4d8q 302 89 102
4d8q 224 405 101
4d8q 58 327 106
4d8q 238 486 107
4d8q 466 193 107
4d8q 275 82 109
4d8q 106 271 109
4d8q 387 141 110
4d8q 404 446 111
4d8q 168 337 111
4d8q 352 436 112
4d8q 436 318 113
4d8q 462 470 113
4d8q 215 150 114
4d8q 219 184 114
4d8q 310 321 114
4d8q 479 169 116
4d8q 136 448 115
4d8q 317 257 116
4d8q 113 344 118
4d8q 177 359 119
4d8q 454 369 119
4d8q 236 232 118
4d8q 63 76 120
4d8q 487 105 118
4d8q 424 41 120
4d8q 290 357 122
4d8q 359 464 123
4d8q 101 228 123
4d8q 26 265 122
4d8q 356 416 123
4d8q 309 341 124
4d8q 297 271 126
4d8q 184 461 126
4d8q 330 177 127
4d8q 305 174 127
4d8q 375 27 130
4d8q 180 290 130
4d8q 391 147 130
4d8q 394 345 131
4d8q 127 440 131
4d8q 65 43 132
4d8q 273 443 130
4d8q 132 107 134
4d8q 162 278 135
4d8q 302 299 136
4d8q 457 44 137
4d8q 277 37 138
4d8q 228 109 140
4d8q 374 446 139
4d8q 276 249 141
4d8q 190 391 140
4d8q 346 215 140
4d8q 72 373 138
4d8q 157 245 142
4d8q 298 348 142
4d8q 462 151 144
4d8q 154 205 143
4d8q 162 53 144
4d8q 324 109 145
4d8q 381 133 145
4d8q 323 440 145
4d8q 219 483 145
4d8q 480 47 147
4d8q 432 430 149
4d8q 215 32 148
4d8q 181 45 152
4d8q 77 85 153
4d8q 307 393 150
4d8q 150 413 150
4d8q 67 490 154
4d8q 289 70 152
4d8q 382 166 154
4d8q 108 312 152
4d8q 340 141 155
4d8q 58 421 155
4d8q 205 258 157
4d8q 314 267 157
4d8q 347 396 158
4d8q 293 362 158
4d8q 56 127 162
4d8q 343 223 163
4d8q 449 208 163
4d8q 225 41 165
4d8q 281 44 165
4d8q 389 194 166
4d8q 63 101 168
4d8q 426 185 168
4d8q 108 376 170
4d8q 70 263 172
4d8q 156 375 172
4d8q 215 468 173
4d8q 191 260 173
4d8q 329 197 175
4d8q 235 211 176
4d8q 57 305 175
4d8q 457 39 177
4d8q 348 110 177
4d8q 123 223 177
4d8q 258 483 177
4d8q 85 136 175
4d8q 31 372 179
4d8q 411 476 178
4d8q 185 123 180
4d8q 467 125 179
4d8q 430 89 180
4d8q 487 127 180
4d8q 301 254 181
1bxn 110 344 12
1bxn 288 301 12
1bxn 124 276 15
1bxn 491 92 15
1bxn 34 139 15
1bxn 442 232 16
1bxn 430 255 15
1bxn 167 165 17
1bxn 325 403 17
1bxn 173 77 18
1bxn 31 364 20
1bxn 321 365 20
1bxn 62 447 19
1bxn 424 446 20
1bxn 464 237 20
1bxn 335 303 20
1bxn 275 395 20
1bxn 217 152 22
1bxn 231 402 21
1bxn 371 163 23
1bxn 191 469 21
1bxn 288 44 23
1bxn 410 56 24
1bxn 259 256 24
1bxn 395 136 25
1bxn 428 184 25
1bxn 128 374 24
1bxn 198 314 25
1bxn 206 118 27
1bxn 305 141 27
1bxn 351 338 26
1bxn 478 199 28
1bxn 380 405 27
1bxn 293 486 28
1bxn 488 427 29
1bxn 473 497 29
1bxn 259 477 30
1bxn 210 50 29
1bxn 113 371 31
1bxn 99 392 31
1bxn 369 49 33
1bxn 287 433 33
1bxn 478 170 37
1bxn 79 147 37
1bxn 88 125 38
1bxn 258 454 39
1bxn 173 457 42
1bxn 72 17 42
1bxn 139 137 44
1bxn 424 288 43
1bxn 402 365 44
1bxn 372 382 45
1bxn 481 383 45
1bxn 277 136 46
1bxn 145 354 48
1bxn 443 408 47
1bxn 358 425 47
1bxn 366 441 50
1bxn 494 122 53
1bxn 123 135 51
1bxn 86 236 52
1bxn 323 466 53
1bxn 217 85 53
1bxn 299 253 53
1bxn 283 453 54
1bxn 156 493 54
1bxn 494 38 55
1bxn 316 480 58
1bxn 51 445 58
1bxn 19 338 61
1bxn 482 465 60
1bxn 213 103 60
1bxn 489 144 61
1bxn 253 340 60
1bxn 490 277 63
1bxn 374 414 64
1bxn 469 286 65
1bxn 456 314 64
1bxn 150 348 65
1bxn 223 260 65
1bxn 442 109 67
1bxn 302 165 69
1bxn 342 267 70
1bxn 352 392 71
1bxn 272 70 71
1bxn 451 280 72
1bxn 72 342 71
1bxn 36 201 72
1bxn 261 36 73
1bxn 373 322 76
1bxn 66 385 75
1bxn 301 462 75
1bxn 208 54 76
1bxn 429 318 78
1bxn 255 327 78
1bxn 497 69 78
1bxn 469 440 79
1bxn 222 224 81
1bxn 360 339 83
1bxn 49 72 83
1bxn 233 109 82
1bxn 291 227 83
1bxn 32 58 85
1bxn 302 494 84
1bxn 479 128 85
1bxn 258 106 86
1bxn 193 133 88
1bxn 83 185 87
1bxn 171 212 87
1bxn 92 311 89
1bxn 47 410 88
1bxn 14 105 90
1bxn 464 158 89
1bxn 464 254 91
1bxn 467 344 90
1bxn 309 465 92
1bxn 450 486 92
1bxn 271 336 93
1bxn 196 366 92
1bxn 27 24 93
1bxn 162 256 93
1bxn 397 288 94
1bxn 176 46 96
1bxn 95 105 95
1bxn 54 201 99
1bxn 351 63 100
1bxn 182 129 100
1bxn 84 148 98
1bxn 123 156 99
1bxn 402 202 102
1bxn 254 425 102
1bxn 396 484 103
1bxn 104 20 103
1bxn 461 98 105
1bxn 251 399 104
1bxn 181 494 104
1bxn 15 401 106
1bxn 489 15 108
1bxn 70 115 108
1bxn 136 145 108
1bxn 287 495 108
1bxn 63 133 108
1bxn 160 317 109
1bxn 29 431 108
1bxn 356 183 109
1bxn 469 321 111
1bxn 247 189 112
1bxn 256 19 114
1bxn 73 455 114
1bxn 350 383 115
1bxn 322 409 116
1bxn 383 402 117
1bxn 372 439 117
1bxn 110 450 118
1bxn 138 498 118
1bxn 258 251 118
1bxn 376 215 119
1bxn 187 255 120
1bxn 26 47 120
1bxn 199 82 120
1bxn 260 401 121
1bxn 22 190 122
1bxn 415 481 122
1bxn 448 494 123
1bxn 363 275 123
1bxn 272 228 124
1bxn 187 336 125
1bxn 148 467 126
1bxn 230 479 127
1bxn 464 227 128
1bxn 80 445 128
1bxn 196 101 129
1bxn 347 149 131
1bxn 362 350 130
1bxn 228 285 131
1bxn 450 15 133
1bxn 247 39 132
1bxn 97 174 134
1bxn 39 300 134
1bxn 145 442 134
1bxn 36 102 135
1bxn 146 284 135
1bxn 366 499 134
1bxn 256 122 137
1bxn 59 88 139
1bxn 433 169 139
1bxn 283 397 138
1bxn 172 455 139
1bxn 207 112 140
1bxn 47 343 141
1bxn 46 316 142
1bxn 422 34 143
1bxn 330 175 146
1bxn 291 445 145
1bxn 256 442 148
1bxn 340 249 149
1bxn 440 264 151
1bxn 200 75 150
1bxn 250 267 152
1bxn 275 475 153
1bxn 493 487 154
1bxn 483 181 155
1bxn 365 280 155
1bxn 263 87 155
1bxn 433 136 156
1bxn 83 441 157
1bxn 251 216 157
1bxn 257 284 159
1bxn 385 110 160
1bxn 280 274 159
1bxn 415 78 160
1bxn 485 145 161
1bxn 76 217 162
1bxn 118 252 162
1bxn 113 457 167
1bxn 474 381 167
1bxn 306 180 169
1bxn 171 329 170
1bxn 115 18 170
1bxn 263 444 170
1bxn 214 497 170
1bxn 472 155 173
1bxn 488 365 173
1bxn 406 40 174
1bxn 65 496 175
1bxn 138 144 177
1bxn 157 170 176
1bxn 104 33 178
1bxn 39 120 179
1bxn 116 261 179
1bxn 284 425 180
1bxn 16 170 179
1bxn 37 220 179
1bxn 492 237 181
1bxn 291 109 182
1bxn 415 159 182
1bxn 274 163 181
1bxn 312 474 181
1bxn 149 497 182
1bxn 480 57 184
1bxn 196 281 184
1bxn 405 86 186
1bxn 442 220 185
1bxn 218 402 184
1bxn 143 417 187
