3cf3 197 161 19
3cf3 330 329 19
3cf3 87 159 20
3cf3 470 279 20
3cf3 220 308 19
3cf3 380 52 21
3cf3 285 68 19
3cf3 93 281 22
3cf3 192 280 20
3cf3 222 359 21
3cf3 111 404 22
3cf3 124 418 20
3cf3 47 268 23
3cf3 288 345 24
3cf3 38 207 25
3cf3 141 317 25
3cf3 195 68 27
3cf3 433 270 24
3cf3 381 94 26
3cf3 182 359 27
3cf3 247 47 29
3cf3 336 111 28
3cf3 120 121 28
3cf3 363 257 28
3cf3 334 39 31
3cf3 243 453 29
3cf3 441 490 33
3cf3 89 448 34
3cf3 90 309 35
3cf3 84 485 35
3cf3 452 253 38
3cf3 188 374 37
3cf3 168 114 40
3cf3 288 170 40
3cf3 89 345 38
3cf3 314 411 39
3cf3 160 420 39
3cf3 141 38 42
3cf3 336 66 41
3cf3 268 431 41
3cf3 195 28 44
3cf3 339 186 46
3cf3 236 449 46
3cf3 313 135 46
3cf3 180 252 46
3cf3 79 183 45
3cf3 227 60 48
3cf3 469 295 49
3cf3 323 56 50
3cf3 219 245 51
3cf3 306 425 51
3cf3 301 445 50
3cf3 213 220 54
3cf3 133 467 52
3cf3 220 176 56
3cf3 133 257 54
3cf3 421 422 53
3cf3 110 322 56
3cf3 358 382 55
3cf3 197 43 60
3cf3 156 57 57
3cf3 123 400 57
3cf3 408 177 60
3cf3 491 435 61
3cf3 122 216 61
3cf3 236 475 63
3cf3 303 59 62
3cf3 416 299 62
3cf3 187 429 63
3cf3 283 163 65
3cf3 173 58 68
3cf3 371 67 68
3cf3 171 255 67
3cf3 232 176 69
3cf3 387 340 71
3cf3 166 462 68
3cf3 178 96 69
3cf3 481 70 71
3cf3 320 74 70
3cf3 467 325 67
3cf3 389 409 72
3cf3 51 261 72
3cf3 217 159 75
3cf3 234 401 71
3cf3 256 465 72
3cf3 69 480 75
3cf3 227 447 72
3cf3 462 470 73
3cf3 58 138 78
3cf3 171 322 79
3cf3 332 370 79
3cf3 440 430 79
3cf3 287 88 80
3cf3 136 318 81
3cf3 282 370 84
3cf3 342 400 85
3cf3 253 430 83
3cf3 397 473 85
3cf3 202 108 85
3cf3 263 398 85
3cf3 226 347 85
3cf3 171 346 88
3cf3 264 167 88
3cf3 372 192 89
3cf3 135 62 89
3cf3 51 468 90
3cf3 344 198 89
3cf3 67 309 89
3cf3 227 457 92
3cf3 382 69 91
3cf3 408 183 91
3cf3 179 186 91
3cf3 35 472 96
3cf3 417 128 98
3cf3 442 52 99
3cf3 487 103 97
3cf3 406 338 98
3cf3 224 427 97
3cf3 111 449 99
3cf3 120 256 99
3cf3 21 361 101
3cf3 424 57 102
3cf3 242 113 104
3cf3 183 86 105
3cf3 160 140 105
3cf3 300 247 104
3cf3 98 203 108
3cf3 321 95 108
3cf3 454 279 107
3cf3 332 50 111
3cf3 488 85 111
3cf3 139 275 112
3cf3 177 474 111
3cf3 136 477 111
3cf3 208 481 113
3cf3 309 149 115
3cf3 240 39 115
3cf3 258 214 115
3cf3 467 342 115
3cf3 53 402 118
3cf3 318 490 116
3cf3 181 125 119
3cf3 83 148 121
3cf3 479 267 120
3cf3 159 77 124
3cf3 464 401 122
3cf3 79 20 125
3cf3 218 211 123
3cf3 392 175 123
3cf3 72 489 126
3cf3 23 229 128
3cf3 317 363 127
3cf3 77 276 131
3cf3 483 355 127
3cf3 409 25 130
3cf3 38 148 133
3cf3 155 170 130
3cf3 209 236 133
3cf3 29 390 132
3cf3 196 44 135
3cf3 270 69 136
3cf3 282 168 137
3cf3 62 293 135
3cf3 267 377 136
3cf3 384 107 136
3cf3 464 300 134
3cf3 164 354 137
3cf3 166 413 137
3cf3 46 375 140
3cf3 176 191 140
3cf3 138 475 142
3cf3 79 65 141
3cf3 476 349 142
3cf3 491 468 145
3cf3 79 468 144
3cf3 271 426 145
3cf3 133 31 147
3cf3 25 183 145
3cf3 61 387 149
3cf3 391 26 148
3cf3 62 102 148
3cf3 466 21 148
3cf3 246 33 149
3cf3 448 379 149
3cf3 381 221 152
3cf3 105 265 152
3cf3 457 415 153
3cf3 102 24 154
3cf3 437 36 153
3cf3 249 125 153
3cf3 289 209 154
3cf3 349 321 154
3cf3 227 367 154
3cf3 367 94 155
3cf3 363 156 157
3cf3 73 189 156
3cf3 406 162 158
3cf3 141 444 158
3cf3 226 99 159
3cf3 114 493 158
3cf3 396 72 161
3cf3 340 475 159
3cf3 335 360 162
3cf3 42 239 162
3cf3 60 237 164
3cf3 110 413 164
3cf3 96 355 166
3cf3 116 357 167
3cf3 66 398 166
3cf3 20 220 168
3cf3 190 290 168
3cf3 29 263 168
3cf3 214 299 169
3cf3 418 392 168
3cf3 100 478 170
3cf3 82 484 170
3cf3 238 260 171
3cf3 181 309 172
3cf3 278 352 170
3cf3 353 264 171
3cf3 488 441 173
3cf3 349 425 175
3cf3 234 475 174
3cf3 70 71 174
3cf3 161 241 175
3cf3 182 62 175
3cf3 361 316 176
3cf3 19 291 177
3cf3 337 351 178
3cf3 128 486 175
3cf3 126 93 178
3cf3 406 110 177
3cf3 338 82 177
3cf3 161 84 179
3cf3 374 162 180
3cf3 61 446 178
3cf3 429 23 179
3cf3 21 310 180
3cf3 127 484 181
1s3x 22 173 8
1s3x 172 97 10
1s3x 332 146 9
1s3x 321 224 10
1s3x 365 444 11
1s3x 240 15 10
1s3x 88 295 12
1s3x 206 474 11
1s3x 125 60 12
1s3x 136 96 13
1s3x 203 192 13
1s3x 204 280 13
1s3x 440 32 14
1s3x 174 325 15
1s3x 228 136 17
1s3x 283 323 17
1s3x 359 170 18
1s3x 158 249 19
1s3x 249 291 17
1s3x 143 333 16
1s3x 387 314 19
1s3x 356 438 18
1s3x 495 303 19
1s3x 297 474 20
1s3x 26 462 22
1s3x 79 71 23
1s3x 271 100 23
1s3x 220 416 23
1s3x 57 121 24
1s3x 479 306 24
1s3x 200 43 25
1s3x 222 69 25
1s3x 446 141 25
1s3x 259 73 25
1s3x 19 153 28
1s3x 407 361 26
1s3x 95 487 27
1s3x 64 304 30
1s3x 349 375 29
1s3x 364 24 31
1s3x 486 63 30
1s3x 129 179 30
1s3x 464 466 31
1s3x 439 181 35
1s3x 222 368 35
1s3x 180 180 36
1s3x 72 426 37
1s3x 90 266 37
1s3x 207 396 39
1s3x 490 483 39
1s3x 453 200 40
1s3x 222 299 41
1s3x 492 482 42
1s3x 407 121 43
1s3x 76 123 43
1s3x 490 302 43
1s3x 480 152 44
1s3x 364 332 46
1s3x 358 282 47
1s3x 434 268 49
1s3x 278 70 50
1s3x 186 266 51
1s3x 335 108 50
1s3x 176 162 52
1s3x 193 163 51
1s3x 34 308 52
1s3x 248 34 53
1s3x 10 397 52
1s3x 398 448 53
1s3x 206 176 53
1s3x 64 234 55
1s3x 332 248 57
1s3x 429 230 57
1s3x 342 370 58
1s3x 89 389 58
1s3x 138 121 59
1s3x 412 394 61
1s3x 428 174 63
1s3x 95 189 64
1s3x 446 468 64
1s3x 396 285 66
1s3x 43 159 68
1s3x 458 242 67
1s3x 359 270 66
1s3x 43 427 68
1s3x 208 218 68
1s3x 470 399 69
1s3x 399 359 69
1s3x 51 408 70
1s3x 111 146 70
1s3x 109 58 71
1s3x 93 251 72
1s3x 238 386 72
1s3x 394 486 73
1s3x 454 142 74
1s3x 382 212 74
1s3x 433 493 75
1s3x 333 69 75
1s3x 499 225 75
1s3x 212 398 75
1s3x 234 244 76
1s3x 194 300 76
1s3x 292 354 77
1s3x 501 225 78
1s3x 32 81 80
1s3x 96 454 81
1s3x 313 202 82
1s3x 168 236 82
1s3x 26 251 84
1s3x 79 118 85
1s3x 370 458 84
1s3x 136 25 86
1s3x 490 384 87
1s3x 102 422 87
1s3x 179 278 88
1s3x 375 328 89
1s3x 53 104 90
1s3x 253 306 90
1s3x 162 500 91
1s3x 315 42 93
1s3x 450 82 94
1s3x 154 451 94
1s3x 298 198 94
1s3x 480 335 94
1s3x 364 93 95
1s3x 219 498 96
1s3x 391 438 97
1s3x 108 174 98
1s3x 92 324 98
1s3x 478 90 98
1s3x 155 345 99
1s3x 220 497 98
1s3x 299 143 102
1s3x 212 167 102
1s3x 227 354 102
1s3x 374 66 102
1s3x 83 492 104
1s3x 326 274 104
1s3x 472 307 104
1s3x 362 41 106
1s3x 453 119 104
1s3x 324 226 106
1s3x 270 124 108
1s3x 471 503 109
1s3x 495 158 110
1s3x 495 326 112
1s3x 476 440 112
1s3x 371 471 113
1s3x 91 49 114
1s3x 229 57 115
1s3x 402 74 114
1s3x 295 53 116
1s3x 397 402 115
1s3x 265 40 116
1s3x 375 280 118
1s3x 307 386 120
1s3x 185 193 122
1s3x 192 427 123
1s3x 468 176 125
1s3x 72 308 125
1s3x 333 234 128
1s3x 398 393 126
1s3x 296 66 128
1s3x 364 149 129
1s3x 92 111 131
1s3x 468 240 132
1s3x 88 476 131
1s3x 65 125 134
1s3x 241 244 135
1s3x 66 124 136
1s3x 39 252 138
1s3x 230 348 138
1s3x 346 387 139
1s3x 193 273 140
1s3x 199 285 140
1s3x 344 92 141
1s3x 431 357 141
1s3x 260 153 142
1s3x 399 210 142
1s3x 325 375 143
1s3x 157 28 144
1s3x 347 286 142
1s3x 346 388 143
1s3x 470 36 146
1s3x 280 347 147
1s3x 20 402 146
1s3x 112 403 146
1s3x 153 82 148
1s3x 267 413 147
1s3x 459 233 150
1s3x 13 456 149
1s3x 328 225 152
1s3x 418 422 152
1s3x 486 499 154
1s3x 410 100 153
1s3x 39 334 153
1s3x 52 60 154
1s3x 39 58 156
1s3x 209 379 155
1s3x 46 395 155
1s3x 360 16 157
1s3x 321 491 156
1s3x 146 470 158
1s3x 34 477 160
1s3x 94 97 161
1s3x 482 283 162
1s3x 319 334 161
1s3x 484 26 163
1s3x 34 47 163
1s3x 124 284 163
1s3x 337 92 164
1s3x 468 429 166
1s3x 211 208 166
1s3x 437 264 165
1s3x 39 294 167
1s3x 367 179 169
1s3x 69 198 168
1s3x 480 56 171
1s3x 55 216 173
1s3x 341 240 172
1s3x 11 376 173
1s3x 386 148 173
1s3x 282 300 174
1s3x 381 450 173
1s3x 478 115 175
1s3x 267 217 177
1s3x 473 395 178
1s3x 206 56 179
1s3x 144 180 179
1s3x 308 238 179
1s3x 235 162 181
1s3x 126 111 182
1s3x 370 395 182
1s3x 224 45 182
1s3x 403 343 182
1s3x 243 429 182
1s3x 434 380 183
1s3x 239 392 184
1s3x 461 250 184
1s3x 481 191 185
1s3x 437 306 184
1s3x 304 17 187
1s3x 435 378 185
1s3x 137 400 188
1s3x 217 55 189
1s3x 349 76 190
1u6g 185 294 15
1u6g 189 184 17
1u6g 270 152 17
1u6g 81 266 19
1u6g 309 18 17
1u6g 228 42 19
1u6g 34 341 20
1u6g 74 392 20
1u6g 212 331 23
1u6g 183 410 20
1u6g 67 57 21
1u6g 375 214 22
1u6g 144 410 23
1u6g 114 63 23
1u6g 370 197 27
1u6g 396 330 24
1u6g 376 78 26
1u6g 278 256 26
1u6g 158 395 28
1u6g 209 91 26
1u6g 246 98 27
1u6g 460 181 31
1u6g 457 212 29
1u6g 379 234 30
1u6g 409 269 32
1u6g 348 468 33
1u6g 125 223 34
1u6g 92 331 31
1u6g 98 47 31
1u6g 136 59 34
1u6g 34 169 36
1u6g 40 257 39
1u6g 417 18 40
1u6g 400 89 39
1u6g 327 358 41
1u6g 219 205 43
1u6g 239 98 45
1u6g 122 200 43
1u6g 497 228 42
1u6g 24 361 43
1u6g 245 405 42
1u6g 400 228 47
1u6g 21 57 49
1u6g 324 419 47
1u6g 306 266 49
1u6g 169 35 51
1u6g 390 153 48
1u6g 187 299 51
1u6g 442 483 50
1u6g 153 279 53
1u6g 185 68 54
1u6g 286 294 54
1u6g 21 415 54
1u6g 32 31 57
1u6g 124 151 54
1u6g 93 332 56
1u6g 483 82 56
1u6g 362 494 56
1u6g 404 331 56
1u6g 264 453 57
1u6g 100 473 57
1u6g 35 171 57
1u6g 334 495 57
1u6g 317 153 61
1u6g 457 254 58
1u6g 242 140 60
1u6g 244 374 61
1u6g 31 225 61
1u6g 89 363 62
1u6g 411 452 63
1u6g 371 245 62
1u6g 113 38 64
1u6g 103 172 65
1u6g 270 405 67
1u6g 293 131 70
1u6g 368 147 68
1u6g 27 253 66
1u6g 339 292 68
1u6g 415 278 71
1u6g 184 339 72
1u6g 490 481 73
1u6g 402 156 71
1u6g 175 306 73
1u6g 99 467 71
1u6g 353 418 74
1u6g 246 166 73
1u6g 399 20 75
1u6g 341 31 77
1u6g 118 90 79
1u6g 131 202 80
1u6g 59 227 79
1u6g 361 383 82
1u6g 294 416 84
1u6g 89 281 87
1u6g 24 486 85
1u6g 188 35 86
1u6g 161 179 87
1u6g 484 404 86
1u6g 148 37 87
1u6g 448 70 88
1u6g 336 326 86
1u6g 200 195 89
1u6g 102 145 92
1u6g 104 470 90
1u6g 451 415 92
1u6g 192 335 93
1u6g 227 307 95
1u6g 196 347 97
1u6g 124 483 95
1u6g 165 286 98
1u6g 408 75 97
1u6g 118 83 99
1u6g 104 324 100
1u6g 155 398 99
1u6g 146 468 101
1u6g 183 31 99
1u6g 479 227 100
1u6g 299 464 103
1u6g 20 229 104
1u6g 425 230 104
1u6g 415 358 107
1u6g 51 496 108
1u6g 486 43 108
1u6g 156 121 109
1u6g 385 451 110
1u6g 480 472 108
1u6g 241 147 108
1u6g 254 149 108
1u6g 36 303 108
1u6g 408 300 110
1u6g 145 184 111
1u6g 198 135 115
1u6g 381 197 114
1u6g 409 348 116
1u6g 67 39 115
1u6g 274 275 115
1u6g 276 165 119
1u6g 341 161 120
1u6g 222 108 121
1u6g 371 251 121
1u6g 332 441 124
1u6g 274 109 125
1u6g 124 243 124
1u6g 132 362 125
1u6g 60 16 127
1u6g 455 140 127
1u6g 64 328 125
1u6g 180 143 126
1u6g 252 187 126
1u6g 100 260 129
1u6g 395 460 126
1u6g 245 420 128
1u6g 479 122 132
1u6g 493 473 129
1u6g 427 493 133
1u6g 227 94 132
1u6g 439 293 135
1u6g 109 249 138
1u6g 32 492 134
1u6g 412 179 136
1u6g 136 129 136
1u6g 484 290 136
1u6g 200 327 139
1u6g 328 330 137
1u6g 62 320 141
1u6g 339 353 140
1u6g 110 483 139
1u6g 221 439 143
1u6g 138 132 141
1u6g 237 153 141
1u6g 224 65 146
1u6g 71 156 146
1u6g 143 237 145
1u6g 99 488 146
1u6g 230 221 147
1u6g 120 331 147
1u6g 245 199 147
1u6g 362 476 146
1u6g 250 375 149
1u6g 393 368 151
1u6g 433 390 151
1u6g 353 460 152
1u6g 192 413 148
1u6g 323 477 156
1u6g 267 108 155
1u6g 297 195 159
1u6g 213 338 158
1u6g 474 437 159
1u6g 290 22 159
1u6g 169 305 160
1u6g 70 332 161
1u6g 57 39 163
1u6g 297 263 161
1u6g 197 445 163
1u6g 243 277 165
1u6g 411 56 163
1u6g 100 175 164
1u6g 202 421 165
1u6g 83 466 167
1u6g 198 77 166
1u6g 454 126 168
1u6g 295 131 170
1u6g 368 67 170
1u6g 301 72 169
1u6g 322 142 171
1u6g 373 370 170
1u6g 362 93 172
1u6g 101 296 175
1u6g 97 419 174
1u6g 75 38 176
1u6g 289 283 176
1u6g 287 243 178
1u6g 134 241 180
1u6g 95 256 183
1u6g 60 277 178
1u6g 84 86 181
1u6g 300 166 180
1u6g 42 461 180
1u6g 306 362 184
4cr2 325 255 29
4cr2 375 284 30
4cr2 43 480 32
4cr2 364 109 32
4cr2 398 471 31
4cr2 453 161 32
4cr2 241 232 34
4cr2 309 241 35
4cr2 410 408 32
4cr2 59 367 36
4cr2 437 33 32
4cr2 230 176 33
4cr2 139 164 37
4cr2 330 454 37
4cr2 360 161 37
4cr2 339 347 38
4cr2 279 307 37
4cr2 181 217 41
4cr2 166 269 40
4cr2 387 209 40
4cr2 237 363 40
4cr2 393 53 43
4cr2 392 255 41
4cr2 458 367 43
4cr2 334 482 44
4cr2 366 257 45
4cr2 448 450 42
4cr2 401 431 45
4cr2 247 167 46
4cr2 471 234 48
4cr2 268 471 50
4cr2 290 48 46
4cr2 224 383 51
4cr2 339 394 52
4cr2 104 394 50
4cr2 351 34 53
4cr2 244 277 52
4cr2 182 349 52
4cr2 419 479 51
4cr2 213 156 53
4cr2 172 235 53
4cr2 329 275 53
4cr2 143 236 53
4cr2 445 336 52
4cr2 265 207 54
4cr2 386 184 58
4cr2 66 414 56
4cr2 52 60 59
4cr2 457 45 59
4cr2 318 242 61
4cr2 316 308 56
4cr2 197 195 63
4cr2 409 37 62
4cr2 89 105 62
4cr2 157 206 63
4cr2 326 344 63
4cr2 148 429 63
4cr2 378 369 62
4cr2 306 397 64
4cr2 138 96 64
4cr2 468 183 66
4cr2 301 280 67
4cr2 233 354 65
4cr2 254 309 69
4cr2 306 441 68
4cr2 426 55 69
4cr2 282 258 69
4cr2 128 439 74
4cr2 343 457 69
4cr2 314 117 73
4cr2 227 204 70
4cr2 46 352 71
4cr2 110 380 71
4cr2 344 111 70
4cr2 308 217 73
4cr2 112 251 71
4cr2 174 438 73
4cr2 55 173 73
4cr2 232 326 74
4cr2 383 32 73
4cr2 197 324 74
4cr2 110 126 75
4cr2 370 435 75
4cr2 185 482 75
4cr2 438 394 78
4cr2 153 131 78
4cr2 311 33 77
4cr2 231 138 82
4cr2 415 442 77
4cr2 130 175 80
4cr2 208 464 79
4cr2 365 132 82
4cr2 138 357 82
4cr2 288 176 83
4cr2 435 242 84
4cr2 357 246 84
4cr2 428 278 86
4cr2 48 440 86
4cr2 147 84 87
4cr2 358 278 88
4cr2 369 169 90
4cr2 483 283 87
4cr2 418 362 89
4cr2 342 98 93
4cr2 303 334 92
4cr2 228 68 91
4cr2 306 373 91
4cr2 156 158 93
4cr2 402 44 94
4cr2 68 361 95
4cr2 186 315 96
4cr2 62 275 96
4cr2 428 151 94
4cr2 40 246 99
4cr2 281 114 100
4cr2 50 224 100
4cr2 249 327 99
4cr2 301 284 99
4cr2 243 256 104
4cr2 35 141 103
4cr2 33 196 106
4cr2 127 387 104
4cr2 413 411 103
4cr2 400 323 107
4cr2 40 106 107
4cr2 277 155 108
4cr2 449 164 109
4cr2 323 181 107
4cr2 256 381 105
4cr2 158 411 108
4cr2 186 383 108
4cr2 261 477 109
4cr2 199 59 109
4cr2 423 176 110
4cr2 167 224 111
4cr2 209 445 113
4cr2 317 132 113
4cr2 215 267 114
4cr2 266 311 114
4cr2 93 166 114
4cr2 331 198 117
4cr2 32 144 112
4cr2 250 353 114
4cr2 437 107 116
4cr2 358 129 120
4cr2 82 383 117
4cr2 435 392 121
4cr2 418 77 120
4cr2 296 115 119
4cr2 292 35 121
4cr2 382 80 121
4cr2 431 263 125
4cr2 96 303 119
4cr2 354 93 125
4cr2 362 235 125
4cr2 434 366 125
4cr2 275 470 126
4cr2 450 85 126
4cr2 406 223 129
4cr2 121 189 127
4cr2 132 219 130
4cr2 120 292 128
4cr2 212 300 128
4cr2 408 372 130
4cr2 413 131 129
4cr2 320 154 131
4cr2 323 397 130
4cr2 105 422 130
4cr2 306 95 132
4cr2 93 301 129
4cr2 33 467 131
4cr2 351 115 134
4cr2 432 195 135
4cr2 442 224 135
4cr2 106 56 136
4cr2 469 75 136
4cr2 444 345 136
4cr2 171 104 140
4cr2 418 400 136
4cr2 32 422 140
4cr2 392 397 140
4cr2 103 385 141
4cr2 163 380 141
4cr2 303 40 143
4cr2 385 58 139
4cr2 246 321 144
4cr2 92 349 141
4cr2 109 155 145
4cr2 128 309 146
4cr2 238 295 148
4cr2 465 269 146
4cr2 423 114 149
4cr2 77 286 150
4cr2 429 464 152
4cr2 222 137 152
4cr2 399 293 151
4cr2 361 51 151
4cr2 338 74 152
4cr2 302 139 154
4cr2 34 87 151
4cr2 102 130 153
4cr2 266 357 154
4cr2 43 445 157
4cr2 217 416 156
4cr2 321 55 158
4cr2 83 324 155
4cr2 385 342 156
4cr2 239 393 155
4cr2 447 69 159
4cr2 176 248 156
4cr2 115 437 156
4cr2 462 246 158
4cr2 311 317 159
4cr2 241 420 161
4cr2 149 132 157
4cr2 303 288 157
4cr2 212 166 161
4cr2 449 302 162
4cr2 245 354 160
4cr2 471 349 166
4cr2 290 404 163
4cr2 171 199 162
4cr2 132 413 163
4cr2 158 477 166
4cr2 362 204 165
4cr2 281 103 165
4cr2 200 361 166
4cr2 160 416 166
4cr2 133 195 168
4cr2 268 390 167
4cr2 409 308 171
4cr2 371 423 169
4cr2 390 221 171
1qvr 196 425 21
1qvr 24 395 22
1qvr 373 352 22
1qvr 140 143 24
1qvr 298 168 25
1qvr 165 292 25
1qvr 239 434 25
1qvr 310 191 24
1qvr 256 306 26
1qvr 307 114 27
1qvr 80 111 28
1qvr 325 168 30
1qvr 68 228 29
1qvr 316 223 30
1qvr 403 182 32
1qvr 140 295 33
1qvr 220 440 34
1qvr 225 44 33
1qvr 34 434 34
1qvr 23 71 35
1qvr 159 186 35
1qvr 241 320 36
1qvr 107 281 38
1qvr 426 323 37
1qvr 75 50 39
1qvr 245 194 39
1qvr 361 486 38
1qvr 470 407 40
1qvr 459 314 40
1qvr 134 397 39
1qvr 250 342 43
1qvr 427 384 41
1qvr 219 460 43
1qvr 455 126 45
1qvr 299 114 47
1qvr 62 299 45
1qvr 360 56 47
1qvr 409 72 47
1qvr 267 27 49
1qvr 132 396 44
1qvr 133 325 52
1qvr 196 129 51
1qvr 312 85 52
1qvr 68 212 51
1qvr 155 166 52
1qvr 213 289 52
1qvr 69 374 53
1qvr 203 479 53
1qvr 106 90 56
1qvr 76 138 58
1qvr 488 252 57
1qvr 95 269 58
1qvr 165 306 58
1qvr 28 84 58
1qvr 151 149 58
1qvr 234 432 59
1qvr 358 135 59
1qvr 437 145 58
1qvr 458 149 64
1qvr 378 393 63
1qvr 232 116 65
1qvr 165 271 66
1qvr 350 352 65
1qvr 264 129 65
1qvr 270 425 67
1qvr 22 467 69
1qvr 288 482 69
1qvr 450 222 70
1qvr 28 383 69
1qvr 103 73 73
1qvr 118 231 74
1qvr 177 361 77
1qvr 186 76 77
1qvr 450 34 77
1qvr 175 172 78
1qvr 256 57 78
1qvr 392 89 82
1qvr 153 451 81
1qvr 210 83 82
1qvr 296 47 83
1qvr 459 94 84
1qvr 80 237 83
1qvr 264 446 83
1qvr 73 416 85
1qvr 373 96 86
1qvr 364 217 86
1qvr 310 238 88
1qvr 119 280 87
1qvr 189 236 87
1qvr 479 239 87
1qvr 83 85 88
1qvr 488 192 88
1qvr 205 284 89
1qvr 403 381 90
1qvr 264 365 91
1qvr 463 118 89
1qvr 492 458 88
1qvr 275 33 89
1qvr 406 224 92
1qvr 48 25 94
1qvr 300 155 92
1qvr 435 182 92
1qvr 101 191 92
1qvr 248 215 94
1qvr 482 315 91
1qvr 201 411 92
1qvr 62 65 93
1qvr 489 346 95
1qvr 299 398 94
1qvr 63 93 95
1qvr 92 219 93
1qvr 264 130 97
1qvr 122 310 97
1qvr 326 407 96
1qvr 266 197 96
1qvr 490 456 94
1qvr 450 358 99
1qvr 344 263 103
1qvr 256 32 102
1qvr 372 114 100
1qvr 467 401 98
1qvr 40 286 102
1qvr 281 49 104
1qvr 397 266 102
1qvr 254 293 104
1qvr 318 379 105
1qvr 112 128 104
1qvr 425 215 107
1qvr 228 283 104
1qvr 324 113 106
1qvr 341 148 104
1qvr 88 262 106
1qvr 209 328 104
1qvr 312 421 107
1qvr 277 439 107
1qvr 121 311 104
1qvr 387 243 110
1qvr 63 430 109
1qvr 334 81 109
1qvr 408 99 110
1qvr 462 260 111
1qvr 84 320 112
1qvr 354 316 112
1qvr 406 34 113
1qvr 99 361 114
1qvr 141 32 116
1qvr 131 406 119
1qvr 233 331 121
1qvr 379 383 119
1qvr 168 35 120
1qvr 443 53 119
1qvr 171 181 121
1qvr 166 258 121
1qvr 49 230 122
1qvr 317 39 123
1qvr 395 276 123
1qvr 57 483 124
1qvr 119 486 125
1qvr 340 295 126
1qvr 445 427 128
1qvr 239 73 131
1qvr 199 364 129
1qvr 47 163 131
1qvr 166 315 131
1qvr 305 437 132
1qvr 463 119 135
1qvr 414 452 135
1qvr 485 208 138
1qvr 39 267 136
1qvr 484 375 137
1qvr 404 41 136
1qvr 166 478 138
1qvr 143 60 138
1qvr 410 151 141
1qvr 408 319 140
1qvr 175 166 142
1qvr 469 456 142
1qvr 222 313 144
1qvr 389 416 142
1qvr 298 239 144
1qvr 327 308 144
1qvr 153 457 143
1qvr 50 64 144
1qvr 236 83 145
1qvr 191 137 147
1qvr 41 229 146
1qvr 139 263 143
1qvr 327 464 145
1qvr 311 166 146
1qvr 319 356 147
1qvr 405 39 144
1qvr 269 229 147
1qvr 463 318 147
1qvr 413 336 153
1qvr 469 99 154
1qvr 299 106 154
1qvr 479 127 152
1qvr 206 218 154
1qvr 146 109 156
1qvr 182 122 158
1qvr 219 238 154
1qvr 434 336 158
1qvr 313 217 156
1qvr 341 287 160
1qvr 480 321 158
1qvr 128 464 161
1qvr 483 476 161
1qvr 138 359 163
1qvr 263 246 164
1qvr 133 323 163
1qvr 388 403 164
1qvr 295 450 162
1qvr 106 109 164
1qvr 99 273 165
1qvr 62 370 165
1qvr 338 329 168
1qvr 413 350 169
1qvr 294 222 171
1qvr 138 261 170
1qvr 343 54 171
1qvr 443 405 171
1qvr 319 426 174
1qvr 171 150 173
1qvr 254 331 174
1qvr 42 344 172
1qvr 169 439 174
1qvr 191 36 176
1qvr 410 268 175
1qvr 332 474 175
1qvr 407 418 178
3h84 195 84 17
3h84 321 465 16
3h84 321 42 17
3h84 298 290 16
3h84 269 362 18
3h84 399 354 19
3h84 85 430 18
3h84 392 493 22
3h84 142 44 20
3h84 344 158 19
3h84 136 178 20
3h84 83 464 21
3h84 467 90 22
3h84 294 286 21
3h84 236 286 22
3h84 432 419 23
3h84 453 95 24
3h84 365 388 24
3h84 230 105 26
3h84 295 80 27
3h84 256 75 29
3h84 346 181 29
3h84 105 223 30
3h84 18 439 29
3h84 110 132 29
3h84 40 28 31
3h84 187 125 32
3h84 290 132 33
3h84 129 320 32
3h84 336 371 35
3h84 299 409 32
3h84 429 428 36
3h84 271 453 34
3h84 88 220 35
3h84 280 72 38
3h84 386 112 39
3h84 336 322 39
3h84 307 391 40
3h84 244 393 40
3h84 23 452 42
3h84 161 16 43
3h84 338 141 43
3h84 390 326 45
3h84 391 22 45
3h84 334 85 45
3h84 78 272 46
3h84 155 334 44
3h84 18 400 45
3h84 412 343 47
3h84 262 132 49
3h84 243 418 49
3h84 45 274 50
3h84 448 283 51
3h84 154 334 48
3h84 83 450 50
3h84 374 25 51
3h84 494 293 51
3h84 35 331 51
3h84 490 160 52
3h84 365 478 52
3h84 270 397 54
3h84 24 266 55
3h84 35 490 53
3h84 279 185 56
3h84 79 251 56
3h84 375 347 57
3h84 363 21 62
3h84 90 298 60
3h84 318 102 61
3h84 97 128 63
3h84 76 323 62
3h84 167 328 65
3h84 114 489 65
3h84 423 262 65
3h84 277 318 67
3h84 327 26 66
3h84 209 136 67
3h84 335 237 64
3h84 71 25 67
3h84 253 407 66
3h84 319 178 67
3h84 444 194 68
3h84 90 428 68
3h84 186 401 69
3h84 487 98 70
3h84 270 242 73
3h84 450 261 73
3h84 90 480 71
3h84 486 23 74
3h84 255 198 72
3h84 39 454 75
3h84 441 54 76
3h84 88 158 76
3h84 365 356 75
3h84 322 265 76
3h84 463 301 77
3h84 228 37 77
3h84 449 78 78
3h84 219 481 78
3h84 41 101 81
3h84 482 258 80
3h84 343 295 81
3h84 319 383 81
3h84 252 353 82
3h84 178 274 85
3h84 327 492 85
3h84 390 55 85
3h84 90 140 86
3h84 492 158 87
3h84 383 395 88
3h84 206 29 92
3h84 77 40 89
3h84 77 336 90
3h84 421 479 91
3h84 402 165 92
3h84 114 379 93
3h84 86 71 95
3h84 118 65 96
3h84 264 82 97
3h84 322 75 96
3h84 216 104 96
3h84 144 40 98
3h84 390 105 100
3h84 432 73 103
3h84 152 235 102
3h84 34 350 103
3h84 19 173 106
3h84 451 391 104
3h84 92 407 104
3h84 30 36 107
3h84 42 123 108
3h84 435 373 106
3h84 370 451 107
3h84 359 238 108
3h84 274 235 109
3h84 396 174 109
3h84 140 318 109
3h84 45 375 111
3h84 416 144 111
3h84 64 165 112
3h84 242 305 111
3h84 333 358 113
3h84 151 63 113
3h84 185 297 113
3h84 285 302 113
3h84 63 284 116
3h84 361 296 113
3h84 437 203 116
3h84 342 217 116
3h84 30 383 117
3h84 481 461 116
3h84 31 482 117
3h84 330 382 118
3h84 434 140 121
3h84 200 176 121
3h84 31 177 122
3h84 124 461 121
3h84 189 273 126
3h84 105 469 126
3h84 56 421 126
3h84 207 25 127
3h84 228 382 127
3h84 123 74 128
3h84 96 199 130
3h84 147 310 129
3h84 378 367 130
3h84 369 120 133
3h84 267 336 131
3h84 441 246 134
3h84 263 18 135
3h84 212 24 133
3h84 309 121 136
3h84 278 197 135
3h84 319 229 135
3h84 378 283 136
3h84 342 478 135
3h84 244 208 135
3h84 243 268 135
3h84 336 50 135
3h84 65 471 138
3h84 186 255 139
3h84 281 128 141
3h84 245 350 140
3h84 27 360 141
3h84 492 23 143
3h84 126 77 143
3h84 483 148 142
3h84 188 207 142
3h84 131 170 144
3h84 387 247 145
3h84 368 359 145
3h84 393 92 150
3h84 346 426 148
3h84 197 118 149
3h84 434 488 150
3h84 362 315 154
3h84 387 322 152
3h84 266 137 151
3h84 417 278 154
3h84 182 91 157
3h84 175 437 155
3h84 269 493 157
3h84 491 75 157
3h84 43 308 155
3h84 374 372 157
3h84 317 414 156
3h84 261 139 157
3h84 366 229 158
3h84 238 251 158
3h84 245 174 159
3h84 290 236 163
3h84 50 308 159
3h84 170 74 163
3h84 65 146 160
3h84 402 144 160
3h84 257 180 163
3h84 166 28 163
3h84 97 94 165
3h84 44 194 165
3h84 210 237 167
3h84 114 341 167
3h84 266 152 168
3h84 83 391 167
3h84 149 95 173
3h84 135 122 174
3h84 225 179 172
3h84 206 227 174
3h84 85 391 175
3h84 23 340 177
3h84 273 115 178
3h84 232 280 180
3h84 286 331 180
3h84 100 441 178
3h84 259 30 181
3h84 416 281 180
3h84 44 247 183
3h84 324 249 183
3h84 205 335 183
2cg9 109 53 13
2cg9 159 41 15
2cg9 33 23 15
2cg9 60 355 17
2cg9 182 28 18
2cg9 332 156 17
2cg9 254 340 17
2cg9 342 446 19
2cg9 350 126 20
2cg9 438 355 20
2cg9 32 442 19
2cg9 370 20 22
2cg9 253 173 22
2cg9 419 109 25
2cg9 63 32 23
2cg9 449 328 23
2cg9 152 434 26
2cg9 243 254 28
2cg9 456 72 29
2cg9 22 333 27
2cg9 448 327 28
2cg9 55 249 29
2cg9 369 457 32
2cg9 256 158 31
2cg9 131 463 33
2cg9 318 20 34
2cg9 381 133 34
2cg9 163 130 34
2cg9 386 372 33
2cg9 113 69 35
2cg9 52 149 35
2cg9 447 108 36
2cg9 268 180 37
2cg9 180 484 36
2cg9 18 485 38
2cg9 30 110 37
2cg9 191 457 38
2cg9 17 46 38
2cg9 424 460 41
2cg9 415 303 40
2cg9 470 336 40
2cg9 57 163 44
2cg9 285 241 44
2cg9 403 316 45
2cg9 348 410 43
2cg9 267 88 46
2cg9 182 115 46
2cg9 423 196 46
2cg9 376 309 47
2cg9 201 392 48
2cg9 47 125 49
2cg9 71 240 46
2cg9 384 444 47
2cg9 393 459 47
2cg9 381 122 49
2cg9 199 421 49
2cg9 338 47 51
2cg9 272 114 52
2cg9 100 486 53
2cg9 260 46 54
2cg9 456 100 55
2cg9 276 366 54
2cg9 202 408 58
2cg9 353 232 58
2cg9 34 348 56
2cg9 25 128 60
2cg9 306 172 58
2cg9 106 360 59
2cg9 348 186 61
2cg9 57 95 63
2cg9 207 237 63
2cg9 205 81 64
2cg9 434 266 66
2cg9 387 317 66
2cg9 172 221 68
2cg9 208 299 68
2cg9 140 403 69
2cg9 369 291 69
2cg9 342 19 70
2cg9 72 63 71
2cg9 92 219 72
2cg9 430 19 74
2cg9 159 105 74
2cg9 86 170 73
2cg9 208 234 74
2cg9 287 119 77
2cg9 72 66 76
2cg9 44 328 77
2cg9 45 478 78
2cg9 35 214 84
2cg9 166 403 82
2cg9 45 329 83
2cg9 71 460 84
2cg9 431 302 86
2cg9 41 395 85
2cg9 341 134 91
2cg9 389 223 89
2cg9 61 390 91
2cg9 168 403 88
2cg9 489 212 92
2cg9 137 208 93
2cg9 72 216 93
2cg9 409 256 94
2cg9 283 244 92
2cg9 293 64 94
2cg9 488 262 94
2cg9 21 205 97
2cg9 228 160 97
2cg9 150 315 97
2cg9 468 140 99
2cg9 205 247 97
2cg9 56 404 98
2cg9 451 459 98
2cg9 437 477 97
2cg9 347 463 100
2cg9 376 215 101
2cg9 41 267 102
2cg9 213 85 104
2cg9 353 88 104
2cg9 163 443 104
2cg9 79 475 105
2cg9 185 19 107
2cg9 359 396 106
2cg9 22 455 104
2cg9 223 129 106
2cg9 21 157 106
2cg9 279 328 106
2cg9 173 196 109
2cg9 474 76 109
2cg9 256 103 111
2cg9 152 159 111
2cg9 427 462 112
2cg9 261 173 112
2cg9 257 82 112
2cg9 151 201 112
2cg9 103 103 119
2cg9 152 198 116
2cg9 153 380 117
2cg9 189 23 122
2cg9 259 174 117
2cg9 97 444 119
2cg9 144 88 121
2cg9 191 207 122
2cg9 47 210 123
2cg9 45 332 122
2cg9 327 465 124
2cg9 319 284 123
2cg9 279 418 123
2cg9 17 113 123
2cg9 473 203 125
2cg9 178 161 125
2cg9 257 159 124
2cg9 115 166 126
2cg9 486 27 128
2cg9 124 125 127
2cg9 351 201 126
2cg9 395 193 127
2cg9 351 24 128
2cg9 487 174 132
2cg9 351 204 131
2cg9 358 291 132
2cg9 282 59 132
2cg9 321 249 133
2cg9 345 245 135
2cg9 426 419 135
2cg9 376 257 136
2cg9 493 71 138
2cg9 424 53 139
2cg9 418 256 140
2cg9 335 283 144
2cg9 442 405 140
2cg9 482 406 141
2cg9 276 289 146
2cg9 153 324 145
2cg9 171 292 146
2cg9 216 359 144
2cg9 442 407 144
2cg9 26 331 147
2cg9 311 73 147
2cg9 369 116 148
2cg9 49 257 150
2cg9 495 304 150
2cg9 124 47 152
2cg9 86 52 152
2cg9 261 15 154
2cg9 117 181 153
2cg9 43 364 152
2cg9 155 394 153
2cg9 55 21 154
2cg9 28 287 153
2cg9 77 380 154
2cg9 402 448 154
2cg9 49 330 156
2cg9 59 73 156
2cg9 111 88 158
2cg9 91 249 157
2cg9 420 154 159
2cg9 404 247 163
2cg9 61 71 160
2cg9 250 149 161
2cg9 131 200 160
2cg9 216 452 161
2cg9 464 461 165
2cg9 279 322 161
2cg9 165 45 163
2cg9 127 72 163
2cg9 21 107 162
2cg9 329 181 164
2cg9 488 400 167
2cg9 225 336 163
2cg9 365 121 165
2cg9 126 127 165
2cg9 435 335 163
2cg9 247 84 167
2cg9 314 384 170
2cg9 83 61 168
2cg9 24 141 171
2cg9 331 157 171
2cg9 300 328 171
2cg9 62 416 172
2cg9 21 248 175
2cg9 142 216 175
2cg9 79 204 178
2cg9 382 494 176
2cg9 240 88 175
2cg9 211 375 177
2cg9 397 292 179
2cg9 94 331 177
2cg9 347 26 182
2cg9 261 239 181
2cg9 54 165 182
2cg9 241 85 181
2cg9 480 294 181
2cg9 407 222 183
2cg9 343 248 183
2cg9 448 336 184
2cg9 367 435 184
2cg9 143 382 187
3qm1 321 224 10
3qm1 59 23 11
3qm1 461 75 11
3qm1 240 15 12
3qm1 490 332 11
3qm1 74 20 12
3qm1 412 118 12
3qm1 466 13 15
3qm1 212 125 14
3qm1 473 141 15
3qm1 320 379 16
3qm1 323 484 14
3qm1 128 222 15
3qm1 179 427 16
3qm1 77 37 16
3qm1 323 292 15
3qm1 158 249 19
3qm1 458 109 19
3qm1 283 323 18
3qm1 223 58 23
3qm1 348 78 21
3qm1 266 126 22
3qm1 235 420 22
3qm1 146 489 23
3qm1 419 374 27
3qm1 22 194 26
3qm1 287 234 27
3qm1 164 454 27
3qm1 99 120 27
3qm1 251 416 28
3qm1 103 85 30
3qm1 64 304 31
3qm1 350 491 30
3qm1 183 169 31
3qm1 14 230 30
3qm1 129 179 32
3qm1 304 285 33
3qm1 466 328 33
3qm1 55 85 35
3qm1 333 277 35
3qm1 222 368 34
3qm1 486 141 37
3qm1 358 214 37
3qm1 268 270 36
3qm1 208 85 38
3qm1 225 88 38
3qm1 160 327 38
3qm1 292 336 38
3qm1 230 478 39
3qm1 232 158 40
3qm1 491 482 41
3qm1 187 62 40
3qm1 432 80 41
3qm1 100 497 41
3qm1 489 303 42
3qm1 254 75 43
3qm1 407 121 43
3qm1 38 452 44
3qm1 47 288 44
3qm1 217 358 45
3qm1 141 96 47
3qm1 258 302 47
3qm1 335 107 49
3qm1 153 262 48
3qm1 337 295 50
3qm1 149 443 50
3qm1 473 69 52
3qm1 46 166 52
3qm1 484 51 52
3qm1 453 308 52
3qm1 187 404 53
3qm1 188 325 54
3qm1 236 35 56
3qm1 311 328 56
3qm1 429 231 57
3qm1 480 12 59
3qm1 110 458 58
3qm1 316 40 60
3qm1 252 162 59
3qm1 174 32 62
3qm1 296 359 62
3qm1 290 16 63
3qm1 99 147 62
3qm1 219 366 62
3qm1 88 52 64
3qm1 48 138 65
3qm1 188 371 64
3qm1 158 44 65
3qm1 228 495 66
3qm1 43 159 68
3qm1 489 296 70
3qm1 399 359 69
3qm1 470 399 69
3qm1 51 408 70
3qm1 339 163 71
3qm1 411 221 71
3qm1 470 233 72
3qm1 58 34 74
3qm1 279 105 74
3qm1 192 449 74
3qm1 27 153 75
3qm1 500 225 76
3qm1 418 158 78
3qm1 194 300 78
3qm1 293 354 79
3qm1 75 360 79
3qm1 447 417 78
3qm1 367 47 81
3qm1 355 100 80
3qm1 242 267 81
3qm1 79 118 85
3qm1 395 72 86
3qm1 469 219 86
3qm1 442 350 86
3qm1 186 57 87
3qm1 417 332 88
3qm1 89 422 90
3qm1 64 120 91
3qm1 79 169 92
3qm1 376 328 90
3qm1 161 500 92
3qm1 311 310 94
3qm1 318 390 95
3qm1 68 194 96
3qm1 326 360 95
3qm1 434 311 98
3qm1 64 32 99
3qm1 92 325 99
3qm1 154 264 100
3qm1 404 496 98
3qm1 298 30 100
3qm1 16 37 102
3qm1 362 314 101
3qm1 111 334 102
3qm1 440 84 103
3qm1 228 354 103
3qm1 375 67 103
3qm1 437 446 105
3qm1 453 119 105
3qm1 378 174 109
3qm1 324 226 107
3qm1 145 335 107
3qm1 363 488 108
3qm1 480 385 110
3qm1 495 158 111
3qm1 118 171 111
3qm1 150 258 113
3qm1 495 326 112
3qm1 318 462 113
3qm1 402 75 114
3qm1 184 218 116
3qm1 301 438 116
3qm1 200 37 118
3qm1 204 289 118
3qm1 288 404 119
3qm1 482 134 121
3qm1 61 365 121
3qm1 251 369 121
3qm1 90 421 122
3qm1 390 250 122
3qm1 228 270 122
3qm1 78 342 123
3qm1 174 72 124
3qm1 246 123 123
3qm1 259 52 125
3qm1 66 232 125
3qm1 214 410 124
3qm1 114 116 126
3qm1 455 184 125
3qm1 224 130 126
3qm1 495 196 128
3qm1 234 363 127
3qm1 400 87 131
3qm1 66 450 130
3qm1 206 168 132
3qm1 459 413 132
3qm1 88 476 132
3qm1 365 14 135
3qm1 66 124 135
3qm1 98 21 135
3qm1 352 58 136
3qm1 239 134 136
3qm1 396 372 137
3qm1 303 196 139
3qm1 500 237 139
3qm1 64 425 140
3qm1 469 177 141
3qm1 346 388 142
3qm1 120 25 142
3qm1 290 212 141
3qm1 196 58 142
3qm1 315 13 147
3qm1 492 327 145
3qm1 280 347 147
3qm1 445 470 148
3qm1 167 70 150
3qm1 187 274 151
3qm1 186 332 150
3qm1 13 457 151
3qm1 418 422 152
3qm1 306 439 153
3qm1 488 215 154
3qm1 339 108 155
3qm1 39 58 156
3qm1 326 207 156
3qm1 239 467 157
3qm1 383 39 157
3qm1 149 175 158
3qm1 496 436 160
3qm1 456 374 161
3qm1 190 465 161
3qm1 34 47 163
3qm1 423 285 164
3qm1 177 347 163
3qm1 337 92 166
3qm1 456 317 165
3qm1 95 28 166
3qm1 27 425 167
3qm1 44 364 168
3qm1 242 461 168
3qm1 368 178 169
3qm1 134 382 171
3qm1 431 442 170
3qm1 55 216 173
3qm1 225 196 174
3qm1 393 66 175
3qm1 92 75 176
3qm1 388 422 176
3qm1 208 438 178
3qm1 418 242 179
3qm1 144 180 180
3qm1 272 286 181
3qm1 438 306 183
3qm1 435 379 184
3qm1 229 435 183
3qm1 147 280 184
3qm1 22 388 186
3qm1 349 76 189
3qm1 305 138 187
3qm1 200 388 187
3qm1 81 436 188
3qm1 123 493 189
3qm1 217 55 190
3gl1 59 23 10
3gl1 152 482 13
3gl1 466 450 14
3gl1 158 354 14
3gl1 285 416 15
3gl1 44 450 18
3gl1 143 333 19
3gl1 12 117 19
3gl1 501 315 21
3gl1 434 296 22
3gl1 419 166 22
3gl1 243 324 21
3gl1 316 155 23
3gl1 415 132 25
3gl1 305 331 26
3gl1 26 461 25
3gl1 429 126 26
3gl1 454 54 28
3gl1 69 458 28
3gl1 185 265 29
3gl1 119 426 31
3gl1 402 65 33
3gl1 486 63 33
3gl1 416 170 34
3gl1 121 257 33
3gl1 386 434 34
3gl1 465 466 35
3gl1 148 26 34
3gl1 440 275 37
3gl1 298 70 36
3gl1 300 266 36
3gl1 30 347 38
3gl1 181 468 39
3gl1 96 160 39
3gl1 287 262 41
3gl1 472 142 41
3gl1 291 208 43
3gl1 311 358 41
3gl1 366 86 42
3gl1 202 169 42
3gl1 291 378 44
3gl1 54 96 45
3gl1 431 113 45
3gl1 222 329 48
3gl1 119 415 46
3gl1 340 16 50
3gl1 62 86 50
3gl1 72 152 51
3gl1 238 490 51
3gl1 248 77 52
3gl1 73 124 51
3gl1 33 459 52
3gl1 413 25 52
3gl1 287 469 53
3gl1 365 76 54
3gl1 403 383 54
3gl1 458 440 54
3gl1 345 449 53
3gl1 150 133 57
3gl1 275 409 56
3gl1 186 114 58
3gl1 258 252 57
3gl1 493 264 57
3gl1 233 292 57
3gl1 123 78 61
3gl1 35 315 62
3gl1 240 235 63
3gl1 288 142 64
3gl1 102 43 65
3gl1 61 113 67
3gl1 165 156 65
3gl1 14 228 65
3gl1 497 392 65
3gl1 171 123 67
3gl1 43 273 67
3gl1 300 412 67
3gl1 13 115 70
3gl1 26 124 72
3gl1 225 233 70
3gl1 459 242 70
3gl1 187 131 72
3gl1 24 229 76
3gl1 448 346 77
3gl1 356 54 77
3gl1 338 203 77
3gl1 239 235 77
3gl1 399 305 80
3gl1 261 237 82
3gl1 26 285 83
3gl1 327 302 81
3gl1 458 215 83
3gl1 70 330 84
3gl1 169 123 87
3gl1 325 301 84
3gl1 187 386 85
3gl1 102 39 86
3gl1 26 432 86
3gl1 219 132 88
3gl1 250 44 90
3gl1 432 209 90
3gl1 291 263 89
3gl1 315 446 89
3gl1 343 367 91
3gl1 210 388 89
3gl1 388 409 92
3gl1 384 491 90
3gl1 315 205 95
3gl1 375 354 95
3gl1 476 433 96
3gl1 282 458 98
3gl1 379 258 100
3gl1 433 284 98
3gl1 144 497 99
3gl1 196 164 101
3gl1 90 184 102
3gl1 143 359 102
3gl1 113 220 102
3gl1 413 20 105
3gl1 441 125 106
3gl1 311 169 105
3gl1 437 458 106
3gl1 133 288 106
3gl1 255 60 110
3gl1 373 26 109
3gl1 48 153 111
3gl1 345 407 111
3gl1 232 69 110
3gl1 104 289 111
3gl1 94 32 115
3gl1 112 435 115
3gl1 237 179 116
3gl1 239 462 115
3gl1 166 89 118
3gl1 441 128 120
3gl1 412 274 119
3gl1 484 496 118
3gl1 112 395 120
3gl1 48 276 119
3gl1 427 448 121
3gl1 492 458 121
3gl1 52 107 124
3gl1 380 341 124
3gl1 277 45 124
3gl1 56 309 125
3gl1 232 122 128
3gl1 54 55 127
3gl1 213 332 128
3gl1 155 17 132
3gl1 91 410 131
3gl1 298 468 131
3gl1 324 212 133
3gl1 208 140 132
3gl1 169 13 135
3gl1 308 372 137
3gl1 349 303 139
3gl1 233 490 139
3gl1 476 442 139
3gl1 16 195 141
3gl1 64 207 141
3gl1 191 450 142
3gl1 31 347 142
3gl1 492 327 145
3gl1 334 398 144
3gl1 370 154 146
3gl1 229 331 148
3gl1 49 282 148
3gl1 156 309 148
3gl1 140 384 148
3gl1 30 497 149
3gl1 20 402 148
3gl1 28 130 149
3gl1 286 195 150
3gl1 431 247 150
3gl1 418 393 151
3gl1 368 432 149
3gl1 62 297 152
3gl1 59 285 153
3gl1 172 389 154
3gl1 373 464 154
3gl1 311 19 155
3gl1 70 247 157
3gl1 35 380 159
3gl1 299 61 161
3gl1 53 220 160
3gl1 316 250 161
3gl1 303 163 163
3gl1 404 468 162
3gl1 160 102 164
3gl1 435 251 164
3gl1 84 206 165
3gl1 243 383 167
3gl1 422 452 167
3gl1 411 459 166
3gl1 458 87 168
3gl1 328 277 167
3gl1 197 485 167
3gl1 422 226 169
3gl1 203 384 170
3gl1 319 105 172
3gl1 425 44 172
3gl1 441 127 172
3gl1 498 347 173
3gl1 271 334 173
3gl1 281 452 174
3gl1 253 72 174
3gl1 234 332 176
3gl1 104 198 176
3gl1 428 327 175
3gl1 288 373 178
3gl1 203 74 178
3gl1 266 466 178
3gl1 276 133 179
3gl1 299 379 180
3gl1 180 464 178
3gl1 458 279 181
3gl1 250 61 181
3gl1 313 111 182
3gl1 306 121 183
3gl1 35 137 183
3gl1 335 271 183
3gl1 443 440 184
3gl1 430 389 185
3gl1 368 242 188
3d2f 81 184 18
3d2f 285 19 22
3d2f 54 422 19
3d2f 465 481 19
3d2f 354 417 19
3d2f 469 464 20
3d2f 25 237 19
3d2f 220 477 21
3d2f 57 75 21
3d2f 161 268 21
3d2f 421 92 23
3d2f 484 246 24
3d2f 367 375 22
3d2f 406 446 28
3d2f 223 125 24
3d2f 140 262 29
3d2f 314 300 25
3d2f 54 75 28
3d2f 41 183 30
3d2f 346 294 29
3d2f 477 93 33
3d2f 90 365 30
3d2f 361 374 28
3d2f 461 376 29
3d2f 353 134 32
3d2f 140 220 33
3d2f 163 44 34
3d2f 218 346 38
3d2f 139 371 39
3d2f 204 167 38
3d2f 465 351 39
3d2f 183 85 39
3d2f 343 295 36
3d2f 135 111 41
3d2f 407 145 43
3d2f 185 158 44
3d2f 144 220 39
3d2f 51 464 43
3d2f 85 209 43
3d2f 236 125 42
3d2f 123 77 45
3d2f 35 156 44
3d2f 115 307 45
3d2f 475 125 49
3d2f 342 164 48
3d2f 28 183 49
3d2f 89 428 48
3d2f 71 71 51
3d2f 445 73 52
3d2f 384 282 53
3d2f 454 379 54
3d2f 298 233 54
3d2f 19 43 58
3d2f 251 151 59
3d2f 123 191 57
3d2f 104 212 60
3d2f 440 369 57
3d2f 470 414 60
3d2f 152 73 58
3d2f 448 176 58
3d2f 86 412 58
3d2f 439 296 60
3d2f 435 494 59
3d2f 158 483 65
3d2f 286 196 64
3d2f 420 210 63
3d2f 320 195 64
3d2f 385 474 64
3d2f 374 42 64
3d2f 50 230 67
3d2f 486 322 69
3d2f 127 62 69
3d2f 463 206 72
3d2f 346 87 74
3d2f 420 208 70
3d2f 206 249 70
3d2f 337 314 69
3d2f 44 381 72
3d2f 468 379 74
3d2f 402 328 72
3d2f 207 341 77
3d2f 113 362 79
3d2f 312 354 78
3d2f 344 492 80
3d2f 334 244 80
3d2f 157 262 79
3d2f 329 275 80
3d2f 90 342 83
3d2f 489 362 82
3d2f 48 380 79
3d2f 101 425 82
3d2f 21 322 85
3d2f 298 197 88
3d2f 141 109 85
3d2f 326 221 88
3d2f 280 277 86
3d2f 369 459 86
3d2f 22 71 89
3d2f 328 274 87
3d2f 23 415 89
3d2f 91 460 94
3d2f 137 455 93
3d2f 390 25 92
3d2f 252 76 93
3d2f 471 174 95
3d2f 366 463 91
3d2f 279 209 93
3d2f 277 280 93
3d2f 268 428 94
3d2f 161 471 94
3d2f 101 76 94
3d2f 410 300 94
3d2f 20 415 96
3d2f 50 40 97
3d2f 412 480 99
3d2f 165 84 102
3d2f 206 205 101
3d2f 244 147 102
3d2f 121 368 101
3d2f 352 244 102
3d2f 393 358 101
3d2f 195 283 105
3d2f 27 377 105
3d2f 387 18 108
3d2f 201 420 110
3d2f 120 367 108
3d2f 286 208 111
3d2f 360 360 110
3d2f 83 248 112
3d2f 154 104 115
3d2f 310 220 111
3d2f 475 441 118
3d2f 23 319 112
3d2f 105 82 118
3d2f 385 100 118
3d2f 322 306 117
3d2f 223 422 119
3d2f 24 321 118
3d2f 288 332 121
3d2f 300 455 119
3d2f 181 406 122
3d2f 299 490 123
3d2f 58 95 123
3d2f 479 153 126
3d2f 214 474 129
3d2f 34 60 127
3d2f 26 443 127
3d2f 304 26 128
3d2f 310 203 129
3d2f 371 399 134
3d2f 298 68 135
3d2f 37 134 134
3d2f 474 153 131
3d2f 45 24 136
3d2f 108 113 134
3d2f 101 98 136
3d2f 142 375 136
3d2f 251 477 135
3d2f 88 249 136
3d2f 138 148 141
3d2f 111 115 140
3d2f 242 228 142
3d2f 374 320 142
3d2f 174 233 147
3d2f 395 262 142
3d2f 423 218 143
3d2f 141 346 144
3d2f 176 66 145
3d2f 110 225 147
3d2f 41 114 150
3d2f 266 266 147
3d2f 120 347 146
3d2f 139 84 149
3d2f 218 269 151
3d2f 492 423 149
3d2f 85 21 150
3d2f 423 221 148
3d2f 140 216 155
3d2f 400 204 152
3d2f 241 106 156
3d2f 364 341 157
3d2f 198 20 152
3d2f 21 129 157
3d2f 141 88 155
3d2f 479 250 153
3d2f 454 335 157
3d2f 201 19 158
3d2f 476 216 161
3d2f 109 297 160
3d2f 433 372 161
3d2f 469 396 159
3d2f 439 394 162
3d2f 440 156 166
3d2f 200 191 161
3d2f 358 449 167
3d2f 112 478 163
3d2f 203 113 163
3d2f 491 306 166
3d2f 367 484 163
3d2f 143 40 165
3d2f 472 62 166
3d2f 469 400 164
3d2f 43 416 168
3d2f 237 131 167
3d2f 198 112 170
3d2f 390 308 168
3d2f 68 198 171
3d2f 184 420 170
3d2f 196 396 174
3d2f 210 103 176
3d2f 124 310 173
3d2f 190 335 177
3d2f 384 95 175
3d2f 34 100 177
3d2f 42 277 178
3d2f 69 474 179
3d2f 470 20 178
3d2f 148 31 178
3d2f 462 75 179
3d2f 221 90 175
3d2f 192 208 177
3d2f 395 254 176
3d2f 419 430 179
3d2f 249 156 179
3d2f 120 469 180
3d2f 175 487 179
3d2f 454 185 180
3d2f 84 186 179
3d2f 453 150 181
3d2f 104 494 181
3d2f 43 281 184
4d8q 183 445 18
4d8q 467 339 19
4d8q 354 31 20
4d8q 217 205 21
4d8q 199 223 21
4d8q 409 225 21
4d8q 34 305 20
4d8q 471 416 22
4d8q 273 426 22
4d8q 449 392 24
4d8q 146 451 26
4d8q 135 239 26
4d8q 259 139 28
4d8q 68 320 28
4d8q 175 332 29
4d8q 255 382 29
4d8q 436 342 30
4d8q 118 450 31
4d8q 116 473 31
4d8q 92 71 32
4d8q 271 218 32
4d8q 176 395 32
4d8q 154 79 33
4d8q 209 235 33
4d8q 265 118 35
4d8q 297 362 35
4d8q 120 50 35
4d8q 270 353 36
4d8q 427 232 36
4d8q 347 270 37
4d8q 270 44 37
4d8q 56 406 40
4d8q 22 282 41
4d8q 380 69 41
4d8q 111 163 41
4d8q 269 333 41
4d8q 217 111 42
4d8q 47 234 43
4d8q 345 244 42
4d8q 196 283 43
4d8q 309 208 45
4d8q 162 293 45
4d8q 60 337 45
4d8q 34 389 43
4d8q 286 88 47
4d8q 492 208 47
4d8q 282 277 49
4d8q 349 211 49
4d8q 328 30 50
4d8q 127 19 51
4d8q 42 203 52
4d8q 285 349 51
4d8q 168 83 54
4d8q 143 299 54
4d8q 329 218 56
4d8q 163 397 55
4d8q 126 49 57
4d8q 399 95 57
4d8q 59 492 57
4d8q 40 100 59
4d8q 102 422 58
4d8q 64 465 57
4d8q 84 32 59
4d8q 374 102 62
4d8q 203 359 62
4d8q 192 384 62
4d8q 131 278 63
4d8q 476 266 65
4d8q 354 310 65
4d8q 235 52 66
4d8q 384 449 66
4d8q 461 70 67
4d8q 406 140 68
4d8q 361 214 68
4d8q 396 230 68
4d8q 488 372 67
4d8q 388 255 68
4d8q 206 24 69
4d8q 67 301 69
4d8q 74 204 71
4d8q 280 300 70
4d8q 473 348 70
4d8q 341 223 72
4d8q 267 374 72
4d8q 103 331 73
4d8q 441 362 74
4d8q 231 295 75
4d8q 157 28 75
4d8q 427 83 76
4d8q 124 486 77
4d8q 114 404 77
4d8q 420 409 79
4d8q 397 113 81
4d8q 369 485 81
4d8q 323 151 82
4d8q 45 303 81
4d8q 384 296 82
4d8q 145 386 82
4d8q 414 97 84
4d8q 213 255 85
4d8q 157 228 87
4d8q 98 386 86
4d8q 194 161 86
4d8q 337 171 89
4d8q 101 295 88
4d8q 474 37 90
4d8q 66 154 89
4d8q 228 178 90
4d8q 121 42 92
4d8q 309 107 90
4d8q 278 480 91
4d8q 334 430 93
4d8q 441 28 94
4d8q 193 467 95
4d8q 370 429 96
4d8q 339 41 97
4d8q 136 128 98
4d8q 449 336 98
4d8q 179 453 98
4d8q 485 486 100
4d8q 152 379 100
4d8q 224 404 101
4d8q 301 89 102
4d8q 273 264 102
4d8q 58 327 106
4d8q 238 487 107
4d8q 466 193 107
4d8q 106 272 109
4d8q 275 82 109
4d8q 387 141 110
4d8q 404 446 111
4d8q 168 337 111
4d8q 352 436 112
4d8q 436 318 113
4d8q 462 470 114
4d8q 215 150 114
4d8q 218 184 114
4d8q 317 257 114
4d8q 310 321 114
4d8q 260 448 115
4d8q 136 448 115
4d8q 480 168 117
4d8q 487 104 117
4d8q 356 48 118
4d8q 236 232 118
4d8q 114 344 118
4d8q 178 359 118
4d8q 454 369 119
4d8q 424 41 120
4d8q 63 77 120
4d8q 291 357 122
4d8q 101 228 123
4d8q 26 265 123
4d8q 357 416 123
4d8q 359 464 123
4d8q 309 342 124
4d8q 297 271 126
4d8q 184 461 126
4d8q 330 177 126
4d8q 305 174 127
4d8q 375 27 129
4d8q 273 443 130
4d8q 391 147 131
4d8q 180 289 131
4d8q 394 345 131
4d8q 127 440 131
4d8q 65 43 132
4d8q 132 107 134
4d8q 162 278 135
4d8q 229 401 136
4d8q 302 299 136
4d8q 277 37 138
4d8q 457 44 137
4d8q 73 373 137
4d8q 261 181 139
4d8q 374 446 139
4d8q 83 39 141
4d8q 228 109 140
4d8q 346 215 140
4d8q 276 249 141
4d8q 190 391 140
4d8q 351 175 142
4d8q 154 205 143
4d8q 157 245 142
4d8q 298 348 142
4d8q 462 151 144
4d8q 162 53 144
4d8q 324 109 145
4d8q 381 133 145
4d8q 322 440 145
4d8q 76 138 147
4d8q 219 483 146
4d8q 480 47 147
4d8q 215 32 148
4d8q 307 393 150
4d8q 149 413 149
4d8q 432 430 149
4d8q 181 45 151
4d8q 289 70 152
4d8q 108 312 151
4d8q 332 416 151
4d8q 77 85 152
4d8q 382 165 154
4d8q 67 490 153
4d8q 340 141 155
4d8q 59 421 155
4d8q 205 258 156
4d8q 315 267 157
4d8q 347 396 158
4d8q 293 362 158
4d8q 55 127 161
4d8q 449 208 163
4d8q 343 223 163
4d8q 225 41 165
4d8q 281 44 165
4d8q 388 194 167
4d8q 63 102 168
4d8q 427 185 167
4d8q 108 376 170
4d8q 71 263 172
4d8q 156 375 172
4d8q 215 468 173
4d8q 159 277 174
4d8q 85 136 174
4d8q 329 197 175
4d8q 235 210 176
4d8q 378 275 175
4d8q 57 305 175
4d8q 191 260 174
4d8q 258 484 176
4d8q 457 39 177
4d8q 348 110 177
4d8q 123 224 177
4d8q 411 476 178
4d8q 185 123 180
4d8q 31 372 179
4d8q 467 125 179
4d8q 487 127 180
4d8q 429 89 180
4d8q 301 254 181
1bxn 110 344 12
1bxn 288 301 13
1bxn 124 276 15
1bxn 491 92 15
1bxn 34 139 15
1bxn 430 255 15
1bxn 167 165 17
1bxn 442 232 16
1bxn 173 77 18
1bxn 325 403 17
1bxn 31 364 19
1bxn 275 396 20
1bxn 62 448 19
1bxn 424 446 20
1bxn 464 237 20
1bxn 335 303 20
1bxn 321 365 20
1bxn 191 469 21
1bxn 231 402 21
1bxn 288 44 22
1bxn 217 153 22
1bxn 371 164 23
1bxn 410 56 24
1bxn 258 256 24
1bxn 197 314 24
1bxn 128 374 23
1bxn 394 136 25
1bxn 428 184 25
1bxn 206 118 27
1bxn 351 338 26
1bxn 305 141 27
1bxn 380 405 27
1bxn 209 51 29
1bxn 478 200 28
1bxn 293 487 28
1bxn 473 497 29
1bxn 489 427 29
1bxn 113 371 31
1bxn 259 478 30
1bxn 99 392 30
1bxn 369 49 33
1bxn 287 434 33
1bxn 79 147 37
1bxn 478 170 37
1bxn 88 125 38
1bxn 258 454 39
1bxn 173 457 42
1bxn 72 17 42
1bxn 138 137 44
1bxn 424 288 43
1bxn 481 383 45
1bxn 402 365 45
1bxn 372 382 45
1bxn 277 136 46
1bxn 359 425 47
1bxn 443 408 47
1bxn 145 354 48
1bxn 366 442 50
1bxn 123 135 51
1bxn 216 85 53
1bxn 86 236 52
1bxn 299 253 53
1bxn 494 122 53
1bxn 283 453 54
1bxn 323 466 53
1bxn 156 493 54
1bxn 494 38 55
1bxn 51 445 58
1bxn 316 480 58
1bxn 213 103 60
1bxn 488 144 61
1bxn 19 338 60
1bxn 253 340 60
1bxn 481 465 60
1bxn 491 277 63
1bxn 373 414 64
1bxn 456 314 64
1bxn 469 286 66
1bxn 149 348 65
1bxn 442 109 67
1bxn 223 260 65
1bxn 302 165 69
1bxn 342 267 70
1bxn 271 70 71
1bxn 451 280 72
1bxn 72 342 72
1bxn 352 392 71
1bxn 36 201 72
1bxn 260 36 73
1bxn 301 462 75
1bxn 373 322 76
1bxn 66 385 75
1bxn 208 54 76
1bxn 497 69 78
1bxn 429 318 78
1bxn 255 327 78
1bxn 469 440 79
1bxn 221 224 81
1bxn 232 109 82
1bxn 360 339 83
1bxn 49 72 83
1bxn 291 227 83
1bxn 302 494 84
1bxn 32 58 85
1bxn 258 106 86
1bxn 479 128 85
1bxn 193 133 88
1bxn 82 185 87
1bxn 46 410 88
1bxn 171 212 88
1bxn 92 311 89
1bxn 14 105 90
1bxn 464 158 89
1bxn 466 344 90
1bxn 464 254 91
1bxn 309 465 91
1bxn 196 365 92
1bxn 450 486 92
1bxn 27 24 93
1bxn 162 256 93
1bxn 397 288 94
1bxn 271 336 93
1bxn 176 46 96
1bxn 95 105 95
1bxn 84 148 98
1bxn 123 156 99
1bxn 351 63 99
1bxn 182 129 100
1bxn 54 201 99
1bxn 104 20 103
1bxn 402 202 102
1bxn 254 425 103
1bxn 395 484 103
1bxn 251 399 104
1bxn 461 98 105
1bxn 15 401 106
1bxn 181 494 105
1bxn 489 15 107
1bxn 136 145 108
1bxn 70 115 108
1bxn 63 133 108
1bxn 160 317 109
1bxn 29 431 108
1bxn 286 495 108
1bxn 355 183 110
1bxn 469 321 111
1bxn 247 189 112
1bxn 256 19 114
1bxn 73 455 114
1bxn 350 383 115
1bxn 322 409 116
1bxn 383 402 117
1bxn 372 439 117
1bxn 258 251 118
1bxn 110 450 118
1bxn 138 498 119
1bxn 376 215 119
1bxn 187 255 120
1bxn 26 47 120
1bxn 199 82 120
1bxn 260 401 121
1bxn 21 190 122
1bxn 363 275 123
1bxn 415 481 122
1bxn 448 494 123
1bxn 271 228 124
1bxn 187 336 125
1bxn 148 467 126
1bxn 464 227 127
1bxn 229 479 127
1bxn 79 445 128
1bxn 196 101 129
1bxn 228 285 131
1bxn 362 350 130
1bxn 347 149 131
1bxn 247 39 132
1bxn 450 15 133
1bxn 145 442 133
1bxn 97 175 134
1bxn 146 284 134
1bxn 39 301 134
1bxn 366 499 134
1bxn 36 102 135
1bxn 256 123 137
1bxn 283 397 138
1bxn 171 455 139
1bxn 59 88 139
1bxn 433 169 139
1bxn 207 112 140
1bxn 47 343 141
1bxn 46 316 142
1bxn 421 34 143
1bxn 291 445 145
1bxn 330 175 146
1bxn 256 442 147
1bxn 340 249 149
1bxn 200 75 150
1bxn 440 264 151
1bxn 250 267 152
1bxn 275 475 153
1bxn 263 87 155
1bxn 365 280 155
1bxn 493 487 155
1bxn 433 136 156
1bxn 483 181 156
1bxn 82 441 156
1bxn 251 217 157
1bxn 257 284 158
1bxn 280 274 159
1bxn 415 78 160
1bxn 385 110 160
1bxn 485 145 160
1bxn 76 217 162
1bxn 118 252 162
1bxn 474 381 168
1bxn 113 457 167
1bxn 305 180 170
1bxn 171 330 170
1bxn 214 497 169
1bxn 263 444 170
1bxn 115 18 171
1bxn 472 155 173
1bxn 488 365 173
1bxn 406 40 174
1bxn 157 170 176
1bxn 66 496 175
1bxn 104 33 178
1bxn 138 144 177
1bxn 39 120 178
1bxn 37 221 179
1bxn 116 261 178
1bxn 16 170 179
1bxn 284 425 180
1bxn 274 163 180
1bxn 492 237 181
1bxn 312 474 181
1bxn 149 497 182
1bxn 291 109 183
1bxn 415 159 182
1bxn 480 57 184
1bxn 442 220 184
1bxn 196 281 185
1bxn 218 402 184
1bxn 404 86 185
1bxn 143 417 186
