3cf3 263 414 5
3cf3 299 152 5
3cf3 148 150 7
3cf3 186 338 5
3cf3 110 346 11
3cf3 170 167 14
3cf3 83 424 10
3cf3 124 275 16
3cf3 491 92 15
3cf3 116 407 18
3cf3 173 76 18
3cf3 86 160 20
3cf3 324 403 17
3cf3 196 163 20
3cf3 468 89 22
3cf3 371 164 24
3cf3 219 153 23
3cf3 196 313 25
3cf3 127 373 24
3cf3 258 140 29
3cf3 453 163 32
3cf3 353 339 26
3cf3 489 428 26
3cf3 428 183 26
3cf3 136 163 31
3cf3 379 404 29
3cf3 70 326 28
3cf3 99 391 29
3cf3 93 73 33
3cf3 116 374 32
3cf3 370 47 34
3cf3 219 440 33
3cf3 264 117 37
3cf3 79 150 37
3cf3 478 168 37
3cf3 139 138 43
3cf3 52 407 43
3cf3 110 167 42
3cf3 453 127 46
3cf3 285 88 46
3cf3 443 410 47
3cf3 276 135 46
3cf3 123 133 50
3cf3 153 167 51
3cf3 220 386 51
3cf3 262 207 54
3cf3 443 337 55
3cf3 68 412 56
3cf3 358 136 60
3cf3 75 141 58
3cf3 94 265 56
3cf3 122 403 57
3cf3 196 43 61
3cf3 51 444 60
3cf3 374 103 59
3cf3 253 340 62
3cf3 489 143 61
3cf3 89 105 61
3cf3 140 93 64
3cf3 469 184 66
3cf3 283 163 64
3cf3 195 381 64
3cf3 427 53 68
3cf3 168 436 69
3cf3 164 275 68
3cf3 458 150 68
3cf3 51 261 73
3cf3 103 74 73
3cf3 270 70 70
3cf3 86 162 73
3cf3 260 36 75
3cf3 372 323 74
3cf3 263 376 75
3cf3 369 428 75
3cf3 73 340 75
3cf3 367 131 79
3cf3 176 170 76
3cf3 106 121 77
3cf3 103 332 77
3cf3 254 328 78
3cf3 59 140 79
3cf3 228 140 82
3cf3 253 428 82
3cf3 469 440 80
3cf3 263 166 84
3cf3 100 386 86
3cf3 74 416 84
3cf3 90 137 83
3cf3 340 400 86
3cf3 467 343 88
3cf3 324 148 85
3cf3 156 151 88
3cf3 471 37 90
3cf3 84 84 90
3cf3 101 191 90
3cf3 65 153 92
3cf3 372 425 94
3cf3 28 23 93
3cf3 467 404 97
3cf3 182 25 96
3cf3 470 172 100
3cf3 95 104 96
3cf3 84 147 98
3cf3 265 131 97
3cf3 123 155 100
3cf3 181 132 101
3cf3 122 311 100
3cf3 253 425 101
3cf3 105 20 103
3cf3 277 114 103
3cf3 244 260 105
3cf3 181 86 104
3cf3 92 412 106
3cf3 68 115 107
3cf3 86 162 108
3cf3 356 183 110
3cf3 136 145 109
3cf3 487 84 111
3cf3 248 187 111
3cf3 256 355 112
3cf3 84 381 112
3cf3 404 33 113
3cf3 477 168 115
3cf3 213 264 114
3cf3 257 20 114
3cf3 99 163 113
3cf3 197 83 121
3cf3 84 149 122
3cf3 180 408 123
3cf3 79 20 123
3cf3 122 188 127
3cf3 172 180 122
3cf3 436 391 124
3cf3 453 90 125
3cf3 196 100 129
3cf3 100 427 130
3cf3 347 148 132
3cf3 45 164 132
3cf3 99 174 132
3cf3 196 363 131
3cf3 68 40 133
3cf3 468 77 136
3cf3 228 403 135
3cf3 36 102 136
3cf3 282 165 136
3cf3 187 391 137
3cf3 235 151 139
3cf3 173 168 139
3cf3 434 166 139
3cf3 92 346 142
3cf3 111 154 145
3cf3 228 110 140
3cf3 444 346 140
3cf3 464 150 142
3cf3 164 53 145
3cf3 165 375 145
3cf3 99 387 146
3cf3 75 138 149
3cf3 219 37 150
3cf3 180 45 152
3cf3 79 284 150
3cf3 379 164 154
3cf3 116 434 153
3cf3 101 23 155
3cf3 263 86 154
3cf3 36 86 153
3cf3 100 132 155
3cf3 405 163 157
3cf3 459 411 155
3cf3 242 420 157
3cf3 449 67 160
3cf3 154 419 161
3cf3 84 441 157
3cf3 155 132 160
3cf3 486 147 161
3cf3 84 326 160
3cf3 169 198 160
3cf3 106 109 164
3cf3 100 175 163
3cf3 88 137 169
3cf3 212 165 167
3cf3 116 22 168
3cf3 266 150 166
3cf3 164 411 169
3cf3 277 351 171
3cf3 489 441 173
3cf3 469 154 172
3cf3 169 148 173
3cf3 406 41 174
3cf3 487 364 173
3cf3 275 163 180
3cf3 77 36 179
3cf3 196 261 177
3cf3 376 276 179
3cf3 163 86 180
3cf3 116 262 181
3cf3 453 149 182
3cf3 145 416 185
3cf3 164 208 185
3cf3 235 140 189
3cf3 262 355 185
3cf3 98 268 189
3cf3 187 167 189
3cf3 460 280 195
3cf3 180 440 196
1s3x 76 187 4
1s3x 186 330 6
1s3x 59 170 7
1s3x 332 146 9
1s3x 82 125 9
1s3x 241 17 11
1s3x 309 18 12
1s3x 490 331 11
1s3x 460 74 12
1s3x 74 20 14
1s3x 345 162 14
1s3x 264 458 14
1s3x 473 140 16
1s3x 466 11 16
1s3x 283 17 17
1s3x 459 106 18
1s3x 359 170 18
1s3x 63 450 18
1s3x 284 323 19
1s3x 34 20 20
1s3x 315 154 22
1s3x 186 266 27
1s3x 419 372 28
1s3x 136 162 27
1s3x 163 452 28
1s3x 203 90 30
1s3x 442 338 32
1s3x 435 258 32
1s3x 266 43 35
1s3x 155 82 36
1s3x 139 261 34
1s3x 72 426 37
1s3x 91 266 39
1s3x 490 482 40
1s3x 490 301 41
1s3x 76 124 42
1s3x 18 403 45
1s3x 218 355 46
1s3x 348 35 47
1s3x 90 211 48
1s3x 150 442 49
1s3x 474 68 51
1s3x 249 34 52
1s3x 187 403 54
1s3x 170 34 54
1s3x 330 268 60
1s3x 171 330 68
1s3x 43 158 69
1s3x 481 66 72
1s3x 192 450 73
1s3x 155 22 74
1s3x 59 34 75
1s3x 171 44 76
1s3x 43 98 76
1s3x 362 82 77
1s3x 42 434 80
1s3x 355 98 81
1s3x 314 202 84
1s3x 266 443 83
1s3x 26 250 84
1s3x 138 26 87
1s3x 346 491 87
1s3x 187 306 88
1s3x 74 42 91
1s3x 138 210 92
1s3x 346 106 94
1s3x 378 114 99
1s3x 347 459 101
1s3x 440 83 103
1s3x 314 181 106
1s3x 323 226 106
1s3x 469 307 105
1s3x 171 194 108
1s3x 66 434 110
1s3x 362 234 110
1s3x 426 181 114
1s3x 402 75 115
1s3x 202 36 117
1s3x 26 46 118
1s3x 202 171 121
1s3x 251 370 121
1s3x 426 202 122
1s3x 58 74 122
1s3x 75 2 123
1s3x 114 115 126
1s3x 299 122 126
1s3x 58 418 127
1s3x 90 242 130
1s3x 426 259 128
1s3x 450 18 130
1s3x 66 450 132
1s3x 69 36 131
1s3x 322 226 137
1s3x 219 194 138
1s3x 308 116 139
1s3x 66 466 140
1s3x 196 58 142
1s3x 113 114 141
1s3x 347 386 142
1s3x 426 122 144
1s3x 346 283 144
1s3x 312 74 147
1s3x 329 226 152
1s3x 490 215 154
1s3x 251 53 157
1s3x 39 58 157
1s3x 75 282 157
1s3x 370 226 158
1s3x 202 19 162
1s3x 362 116 163
1s3x 483 26 164
1s3x 94 98 165
1s3x 337 92 166
1s3x 44 189 166
1s3x 364 178 170
1s3x 68 197 170
1s3x 170 410 174
1s3x 74 195 180
1s3x 250 60 181
1s3x 436 306 183
1s3x 33 98 184
1s3x 306 18 187
1s3x 349 76 189
1s3x 354 403 190
1u6g 285 88 47
1u6g 217 86 52
1u6g 18 339 61
1u6g 253 340 58
1u6g 139 93 65
1u6g 257 106 86
1u6g 87 86 87
1u6g 182 85 104
1u6g 256 84 111
1u6g 258 251 118
1u6g 198 83 118
1u6g 454 91 126
1u6g 347 149 131
1u6g 161 84 179
1u6g 427 88 182
4cr2 429 257 15
4cr2 353 31 17
4cr2 197 222 17
4cr2 463 335 21
4cr2 352 31 23
4cr2 409 59 24
4cr2 324 255 26
4cr2 382 406 25
4cr2 398 469 30
4cr2 68 226 28
4cr2 453 162 31
4cr2 437 32 33
4cr2 240 232 32
4cr2 374 282 30
4cr2 410 406 31
4cr2 229 175 33
4cr2 328 255 33
4cr2 60 368 37
4cr2 165 268 36
4cr2 387 210 41
4cr2 329 452 38
4cr2 277 307 37
4cr2 427 232 38
4cr2 392 254 39
4cr2 177 215 41
4cr2 366 258 43
4cr2 457 369 42
4cr2 447 449 41
4cr2 452 125 44
4cr2 236 362 41
4cr2 402 432 45
4cr2 333 481 44
4cr2 222 384 51
4cr2 419 477 50
4cr2 328 275 53
4cr2 212 157 50
4cr2 244 277 51
4cr2 184 350 51
4cr2 444 336 54
4cr2 66 412 56
4cr2 385 186 55
4cr2 95 268 56
4cr2 145 233 58
4cr2 407 35 60
4cr2 351 32 58
4cr2 456 46 56
4cr2 175 233 56
4cr2 148 429 62
4cr2 88 104 60
4cr2 132 277 64
4cr2 308 398 62
4cr2 467 182 63
4cr2 389 253 64
4cr2 223 261 64
4cr2 138 96 63
4cr2 385 180 65
4cr2 192 385 66
4cr2 318 248 64
4cr2 117 258 67
4cr2 306 441 68
4cr2 233 51 68
4cr2 198 195 67
4cr2 283 256 68
4cr2 301 279 67
4cr2 157 203 67
4cr2 342 457 69
4cr2 343 110 70
4cr2 225 204 69
4cr2 424 54 72
4cr2 309 220 70
4cr2 111 381 70
4cr2 196 325 74
4cr2 414 441 77
4cr2 185 482 73
4cr2 311 32 76
4cr2 111 129 76
4cr2 370 435 75
4cr2 117 232 77
4cr2 231 133 76
4cr2 129 175 77
4cr2 153 131 78
4cr2 266 376 76
4cr2 366 130 80
4cr2 419 407 80
4cr2 356 245 83
4cr2 286 176 84
4cr2 139 358 82
4cr2 160 229 82
4cr2 230 140 84
4cr2 81 237 84
4cr2 145 385 83
4cr2 50 441 85
4cr2 428 277 87
4cr2 357 277 88
4cr2 440 391 84
4cr2 228 70 90
4cr2 84 83 87
4cr2 146 84 88
4cr2 482 281 88
4cr2 101 295 87
4cr2 305 374 91
4cr2 402 45 94
4cr2 462 119 90
4cr2 42 236 90
4cr2 212 254 90
4cr2 440 28 92
4cr2 384 63 92
4cr2 303 334 93
4cr2 341 99 95
4cr2 84 82 93
4cr2 405 225 95
4cr2 63 274 96
4cr2 301 283 99
4cr2 246 325 97
4cr2 50 226 99
4cr2 225 404 97
4cr2 339 42 101
4cr2 126 388 102
4cr2 118 257 101
4cr2 243 256 105
4cr2 427 64 103
4cr2 264 478 106
4cr2 321 182 108
4cr2 198 60 109
4cr2 315 132 111
4cr2 422 175 110
4cr2 404 33 111
4cr2 406 446 111
4cr2 213 264 115
4cr2 157 412 111
4cr2 402 324 111
4cr2 209 442 111
4cr2 215 150 115
4cr2 94 166 115
4cr2 264 446 115
4cr2 235 232 118
4cr2 296 111 115
4cr2 354 126 118
4cr2 419 75 119
4cr2 331 199 119
4cr2 49 231 121
4cr2 292 34 123
4cr2 380 81 124
4cr2 308 342 123
4cr2 437 359 125
4cr2 279 466 122
4cr2 449 86 126
4cr2 354 92 124
4cr2 430 263 129
4cr2 121 292 127
4cr2 364 235 124
4cr2 341 295 126
4cr2 159 78 126
4cr2 406 223 129
4cr2 413 130 128
4cr2 323 398 131
4cr2 104 423 130
4cr2 275 470 128
4cr2 306 95 131
4cr2 320 155 132
4cr2 433 192 133
4cr2 350 116 135
4cr2 456 45 135
4cr2 384 58 142
4cr2 468 77 138
4cr2 73 374 137
4cr2 92 348 140
4cr2 387 419 139
4cr2 164 379 143
4cr2 323 440 144
4cr2 102 386 145
4cr2 421 42 142
4cr2 423 113 148
4cr2 107 157 143
4cr2 300 37 147
4cr2 465 269 146
4cr2 398 292 150
4cr2 339 72 152
4cr2 310 166 149
4cr2 361 52 153
4cr2 33 86 151
4cr2 447 68 159
4cr2 427 463 154
4cr2 99 130 155
4cr2 152 132 157
4cr2 177 247 157
4cr2 304 289 158
4cr2 462 246 159
4cr2 83 329 158
4cr2 383 342 159
4cr2 340 139 158
4cr2 132 413 162
4cr2 211 165 161
4cr2 312 316 160
4cr2 450 302 163
4cr2 172 197 164
4cr2 281 101 163
4cr2 199 361 166
4cr2 132 193 169
4cr2 266 393 166
4cr2 161 414 167
4cr2 286 401 167
4cr2 341 52 171
4cr2 240 132 170
4cr2 375 423 168
4cr2 193 258 170
4cr2 408 308 169
4cr2 457 124 171
4cr2 159 278 173
4cr2 391 220 173
4cr2 321 429 172
4cr2 335 477 177
4cr2 301 255 178
4cr2 69 260 177
4cr2 116 259 180
4cr2 347 111 179
4cr2 470 125 182
4cr2 245 35 190
4cr2 85 186 194
1qvr 105 40 3
1qvr 77 93 1
1qvr 166 85 4
1qvr 299 152 1
1qvr 163 274 3
1qvr 79 294 2
1qvr 240 312 2
1qvr 405 117 7
1qvr 417 37 4
1qvr 212 101 5
1qvr 410 162 6
1qvr 411 55 9
1qvr 173 114 7
1qvr 184 328 7
1qvr 478 318 8
1qvr 320 223 10
1qvr 108 52 13
1qvr 286 301 13
1qvr 488 92 14
1qvr 427 144 11
1qvr 432 259 12
1qvr 490 277 11
1qvr 124 277 16
1qvr 367 106 14
1qvr 171 77 19
1qvr 85 158 18
1qvr 166 165 16
1qvr 81 36 18
1qvr 414 142 15
1qvr 470 279 20
1qvr 323 403 17
1qvr 465 236 20
1qvr 335 155 19
1qvr 334 304 20
1qvr 409 227 22
1qvr 35 306 22
1qvr 200 225 22
1qvr 160 261 20
1qvr 325 260 25
1qvr 164 289 22
1qvr 409 56 25
1qvr 194 68 26
1qvr 416 133 27
1qvr 396 136 26
1qvr 39 206 26
1qvr 306 116 28
1qvr 480 198 28
1qvr 66 324 28
1qvr 175 334 30
1qvr 153 77 31
1qvr 295 79 28
1qvr 79 112 29
1qvr 273 220 30
1qvr 488 426 29
1qvr 479 90 29
1qvr 408 267 29
1qvr 236 285 30
1qvr 396 58 40
1qvr 226 172 33
1qvr 404 181 33
1qvr 368 49 32
1qvr 283 310 33
1qvr 406 407 34
1qvr 24 69 36
1qvr 79 148 36
1qvr 163 269 36
1qvr 242 319 37
1qvr 93 70 36
1qvr 345 269 37
1qvr 409 134 37
1qvr 480 166 38
1qvr 327 452 39
1qvr 75 50 40
1qvr 469 405 39
1qvr 311 238 39
1qvr 274 305 39
1qvr 180 214 40
1qvr 172 270 44
1qvr 306 391 41
1qvr 286 88 47
1qvr 363 260 47
1qvr 161 294 46
1qvr 281 275 48
1qvr 411 72 47
1qvr 334 84 45
1qvr 48 235 45
1qvr 346 212 48
1qvr 315 305 47
1qvr 84 235 51
1qvr 434 266 49
1qvr 328 272 55
1qvr 285 349 53
1qvr 214 288 53
1qvr 69 71 51
1qvr 168 83 53
1qvr 217 85 52
1qvr 470 232 52
1qvr 161 395 53
1qvr 400 95 55
1qvr 481 82 55
1qvr 437 139 54
1qvr 241 276 55
1qvr 233 429 58
1qvr 358 133 58
1qvr 75 139 59
1qvr 95 268 57
1qvr 166 306 58
1qvr 409 36 61
1qvr 174 237 59
1qvr 300 283 59
1qvr 212 101 61
1qvr 489 142 61
1qvr 406 174 60
1qvr 468 411 60
1qvr 88 106 64
1qvr 469 182 63
1qvr 166 272 66
1qvr 487 373 64
1qvr 305 397 64
1qvr 234 51 64
1qvr 427 262 63
1qvr 222 261 65
1qvr 427 54 65
1qvr 56 63 64
1qvr 232 114 64
1qvr 474 266 66
1qvr 407 139 68
1qvr 301 278 69
1qvr 470 285 67
1qvr 227 358 69
1qvr 271 71 71
1qvr 103 73 72
1qvr 301 164 70
1qvr 342 265 70
1qvr 174 436 74
1qvr 344 104 71
1qvr 156 25 75
1qvr 491 69 75
1qvr 231 295 75
1qvr 66 300 72
1qvr 208 53 76
1qvr 155 132 78
1qvr 58 138 78
1qvr 418 275 79
1qvr 367 131 78
1qvr 304 216 76
1qvr 398 112 80
1qvr 311 112 86
1qvr 323 150 81
1qvr 426 151 90
1qvr 418 406 80
1qvr 463 208 80
1qvr 46 304 83
1qvr 469 439 80
1qvr 433 246 80
1qvr 334 273 80
1qvr 290 227 83
1qvr 483 282 84
1qvr 412 95 86
1qvr 478 128 83
1qvr 479 237 85
1qvr 361 339 83
1qvr 205 284 89
1qvr 94 140 86
1qvr 343 101 89
1qvr 358 277 89
1qvr 473 38 91
1qvr 84 84 89
1qvr 487 192 89
1qvr 465 157 89
1qvr 230 176 90
1qvr 74 41 89
1qvr 185 315 94
1qvr 402 43 94
1qvr 404 227 93
1qvr 481 279 91
1qvr 190 468 94
1qvr 470 173 96
1qvr 226 66 96
1qvr 93 104 96
1qvr 417 126 97
1qvr 467 403 97
1qvr 301 283 96
1qvr 345 264 102
1qvr 410 75 97
1qvr 64 272 99
1qvr 298 87 100
1qvr 272 265 102
1qvr 369 115 100
1qvr 105 20 104
1qvr 243 260 105
1qvr 183 85 104
1qvr 459 99 105
1qvr 242 112 104
1qvr 400 264 105
1qvr 57 326 106
1qvr 408 19 104
1qvr 324 115 106
1qvr 274 78 106
1qvr 68 114 107
1qvr 410 98 106
1qvr 276 112 107
1qvr 157 121 110
1qvr 390 141 111
1qvr 462 259 111
1qvr 319 135 111
1qvr 166 223 111
1qvr 88 262 109
1qvr 274 271 113
1qvr 488 85 111
1qvr 275 153 110
1qvr 318 259 114
1qvr 480 167 113
1qvr 212 267 111
1qvr 404 33 113
1qvr 106 82 114
1qvr 96 166 114
1qvr 62 77 116
1qvr 434 389 114
1qvr 357 49 118
1qvr 64 284 117
1qvr 215 263 120
1qvr 410 277 116
1qvr 486 102 118
1qvr 354 124 117
1qvr 94 303 119
1qvr 271 310 118
1qvr 223 107 119
1qvr 82 148 121
1qvr 430 263 126
1qvr 202 289 119
1qvr 234 331 120
1qvr 224 421 119
1qvr 199 82 121
1qvr 408 223 122
1qvr 49 231 119
1qvr 424 38 123
1qvr 363 274 122
1qvr 98 227 123
1qvr 157 76 125
1qvr 297 120 124
1qvr 413 130 128
1qvr 303 174 125
1qvr 272 228 125
1qvr 295 270 125
1qvr 474 266 124
1qvr 396 277 126
1qvr 114 115 125
1qvr 465 227 128
1qvr 480 353 126
1qvr 217 213 126
1qvr 322 396 129
1qvr 195 101 130
1qvr 307 96 132
1qvr 207 235 132
1qvr 240 71 131
1qvr 466 118 134
1qvr 403 148 137
1qvr 75 277 132
1qvr 66 39 132
1qvr 470 73 133
1qvr 96 174 133
1qvr 481 291 132
1qvr 350 117 134
1qvr 228 400 135
1qvr 35 103 135
1qvr 483 373 136
1qvr 346 215 140
1qvr 442 223 137
1qvr 238 265 136
1qvr 406 317 140
1qvr 103 59 140
1qvr 59 86 140
1qvr 156 245 140
1qvr 162 53 145
1qvr 106 157 140
1qvr 351 172 140
1qvr 467 78 143
1qvr 219 311 144
1qvr 49 64 143
1qvr 325 109 145
1qvr 424 114 148
1qvr 226 110 143
1qvr 466 269 145
1qvr 274 288 145
1qvr 340 284 143
1qvr 82 38 145
1qvr 42 230 147
1qvr 76 286 152
1qvr 464 150 145
1qvr 309 164 148
1qvr 234 84 148
1qvr 76 136 149
1qvr 305 391 149
1qvr 289 70 151
1qvr 32 86 150
1qvr 369 116 149
1qvr 448 69 152
1qvr 77 85 153
1qvr 300 106 153
1qvr 479 122 154
1qvr 58 421 154
1qvr 178 44 154
1qvr 485 180 154
1qvr 433 137 154
1qvr 311 316 159
1qvr 469 98 156
1qvr 146 107 157
1qvr 337 141 157
1qvr 75 188 158
1qvr 316 266 157
1qvr 241 421 156
1qvr 405 162 156
1qvr 214 336 157
1qvr 411 48 167
1qvr 416 78 159
1qvr 343 225 162
1qvr 171 306 158
1qvr 485 146 161
1qvr 279 273 159
1qvr 338 287 162
1qvr 410 149 160
1qvr 359 203 163
1qvr 106 109 164
1qvr 395 225 167
1qvr 70 264 172
1qvr 212 298 170
1qvr 417 392 169
1qvr 475 61 166
1qvr 61 100 168
1qvr 87 134 171
1qvr 302 71 169
1qvr 274 95 170
1qvr 238 422 168
1qvr 85 60 169
1qvr 470 154 173
1qvr 276 353 170
1qvr 488 439 171
1qvr 327 197 176
1qvr 410 269 172
1qvr 158 277 175
1qvr 57 307 171
1qvr 342 55 173
1qvr 349 108 178
1qvr 337 349 176
1qvr 235 212 175
1qvr 163 240 176
1qvr 325 246 174
1qvr 161 85 182
1qvr 76 38 179
1qvr 103 33 179
1qvr 292 110 185
1qvr 415 157 183
1qvr 273 162 181
1qvr 234 278 180
1qvr 379 274 181
1qvr 426 87 181
1qvr 300 255 181
1qvr 186 120 182
1qvr 480 56 184
1qvr 195 280 185
1qvr 208 337 184
1qvr 144 415 186
1qvr 434 266 185
1qvr 403 84 188
1qvr 348 75 188
1qvr 303 140 188
1qvr 306 314 188
1qvr 80 94 190
1qvr 432 266 190
1qvr 484 356 193
1qvr 336 92 193
1qvr 477 110 193
1qvr 401 41 195
1qvr 355 90 195
1qvr 22 324 194
1qvr 407 404 197
1qvr 195 219 198
1qvr 66 277 198
1qvr 289 57 198
1qvr 158 281 198
3h84 488 94 14
3h84 173 77 17
3h84 85 158 18
3h84 186 294 16
3h84 474 141 16
3h84 167 166 16
3h84 35 138 19
3h84 221 206 22
3h84 372 164 23
3h84 306 141 26
3h84 253 141 29
3h84 302 166 28
3h84 110 140 27
3h84 479 198 30
3h84 183 169 30
3h84 405 180 33
3h84 237 285 30
3h84 159 79 36
3h84 186 85 37
3h84 479 166 37
3h84 291 166 39
3h84 197 286 42
3h84 45 198 54
3h84 216 86 52
3h84 66 374 54
3h84 494 37 56
3h84 94 263 56
3h84 488 142 61
3h84 154 149 60
3h84 78 142 60
3h84 372 414 64
3h84 173 58 71
3h84 463 205 72
3h84 69 296 70
3h84 208 54 76
3h84 234 110 81
3h84 62 136 80
3h84 311 110 90
3h84 463 158 88
3h84 338 166 90
3h84 92 310 91
3h84 375 326 90
3h84 139 133 97
3h84 123 157 100
3h84 470 174 97
3h84 59 277 96
3h84 324 406 98
3h84 85 73 96
3h84 280 157 99
3h84 181 131 103
3h84 52 221 111
3h84 66 430 109
3h84 468 317 111
3h84 357 185 112
3h84 478 167 115
3h84 373 438 116
3h84 375 278 118
3h84 62 78 119
3h84 55 423 123
3h84 196 102 129
3h84 348 150 132
3h84 228 283 131
3h84 96 174 132
3h84 67 38 133
3h84 37 103 135
3h84 284 167 135
3h84 304 302 135
3h84 38 150 135
3h84 59 86 139
3h84 431 166 139
3h84 105 62 140
3h84 109 158 142
3h84 380 134 143
3h84 353 174 142
3h84 468 176 142
3h84 466 151 146
3h84 465 317 148
3h84 176 45 150
3h84 424 222 148
3h84 490 422 148
3h84 78 134 151
3h84 35 89 151
3h84 486 182 155
3h84 367 278 155
3h84 75 86 156
3h84 76 189 159
3h84 486 149 161
3h84 120 254 161
3h84 106 110 164
3h84 168 199 163
3h84 116 359 164
3h84 477 378 168
3h84 62 102 168
3h84 86 134 172
3h84 212 108 170
3h84 470 156 173
3h84 353 110 175
3h84 157 277 176
3h84 60 302 177
3h84 157 169 175
3h84 77 37 180
3h84 196 390 177
3h84 491 238 180
3h84 117 262 180
3h84 43 117 179
3h84 19 170 180
3h84 75 197 179
3h84 37 221 179
3h84 428 85 182
3h84 188 121 183
3h84 301 167 185
3h84 196 281 184
3h84 145 414 185
3h84 112 117 195
3h84 477 143 196
2cg9 109 343 14
2cg9 62 449 17
2cg9 108 401 21
2cg9 143 331 19
2cg9 70 454 27
2cg9 98 391 30
2cg9 71 324 29
2cg9 112 372 32
2cg9 89 451 37
2cg9 57 405 40
2cg9 72 427 38
2cg9 60 337 45
2cg9 104 403 44
2cg9 105 392 48
2cg9 71 371 50
2cg9 80 444 50
2cg9 66 412 55
2cg9 93 332 54
2cg9 64 464 56
2cg9 77 323 61
2cg9 135 276 64
2cg9 88 363 62
2cg9 88 432 68
2cg9 102 329 70
2cg9 95 469 71
2cg9 73 341 73
2cg9 116 404 74
2cg9 66 385 75
2cg9 71 480 76
2cg9 111 405 80
2cg9 73 415 83
2cg9 101 387 85
2cg9 93 309 89
2cg9 48 410 89
2cg9 84 329 90
2cg9 88 420 90
2cg9 91 322 98
2cg9 69 360 103
2cg9 92 409 105
2cg9 64 431 109
2cg9 390 143 110
2cg9 103 276 108
2cg9 86 320 113
2cg9 73 453 116
2cg9 76 377 117
2cg9 92 298 119
2cg9 111 394 120
2cg9 78 443 127
2cg9 396 146 130
2cg9 103 425 131
2cg9 348 147 132
2cg9 73 374 134
2cg9 64 469 138
2cg9 92 344 142
2cg9 70 373 143
2cg9 62 387 147
2cg9 97 389 146
2cg9 106 309 149
2cg9 77 287 149
2cg9 66 489 154
2cg9 57 421 155
2cg9 79 332 154
2cg9 407 160 157
2cg9 81 441 159
2cg9 69 263 170
2cg9 61 416 171
2cg9 61 305 175
2cg9 63 494 175
2cg9 64 444 178
2cg9 143 415 185
3gl1 274 160 2
3gl1 306 450 7
3gl1 259 298 8
3gl1 332 144 10
3gl1 322 223 11
3gl1 298 397 10
3gl1 60 21 11
3gl1 413 54 11
3gl1 240 15 12
3gl1 345 161 13
3gl1 288 301 14
3gl1 129 219 15
3gl1 299 288 14
3gl1 473 140 16
3gl1 322 367 16
3gl1 188 295 18
3gl1 284 16 18
3gl1 243 397 18
3gl1 419 165 21
3gl1 336 303 21
3gl1 446 140 23
3gl1 261 252 23
3gl1 307 140 26
3gl1 130 370 25
3gl1 135 162 26
3gl1 419 372 27
3gl1 164 453 28
3gl1 186 264 29
3gl1 49 270 29
3gl1 472 495 28
3gl1 192 69 30
3gl1 295 484 31
3gl1 406 179 31
3gl1 65 303 33
3gl1 275 351 37
3gl1 481 167 36
3gl1 289 310 35
3gl1 366 83 41
3gl1 434 112 43
3gl1 289 89 45
3gl1 18 403 44
3gl1 403 51 45
3gl1 423 286 45
3gl1 306 112 46
3gl1 466 368 48
3gl1 404 143 48
3gl1 402 367 48
3gl1 197 28 49
3gl1 131 16 52
3gl1 343 15 53
3gl1 453 307 52
3gl1 273 111 53
3gl1 496 36 55
3gl1 405 94 56
3gl1 474 415 55
3gl1 405 31 56
3gl1 316 40 59
3gl1 332 270 59
3gl1 488 142 61
3gl1 155 146 60
3gl1 297 359 62
3gl1 291 16 63
3gl1 411 392 64
3gl1 289 141 66
3gl1 294 130 66
3gl1 444 109 66
3gl1 416 389 68
3gl1 19 95 70
3gl1 272 69 70
3gl1 303 162 71
3gl1 285 300 71
3gl1 449 277 72
3gl1 258 310 74
3gl1 193 449 73
3gl1 306 440 76
3gl1 302 463 78
3gl1 27 485 81
3gl1 345 29 82
3gl1 265 165 84
3gl1 47 70 84
3gl1 210 258 85
3gl1 305 493 84
3gl1 188 56 87
3gl1 164 471 88
3gl1 450 414 89
3gl1 315 445 90
3gl1 376 326 90
3gl1 410 303 92
3gl1 466 344 90
3gl1 401 286 95
3gl1 393 437 97
3gl1 21 412 100
3gl1 154 264 100
3gl1 188 31 101
3gl1 183 128 100
3gl1 472 306 105
3gl1 442 123 107
3gl1 66 432 109
3gl1 466 261 108
3gl1 372 453 108
3gl1 287 494 107
3gl1 487 13 109
3gl1 345 405 110
3gl1 379 196 111
3gl1 323 94 112
3gl1 319 461 114
3gl1 273 164 116
3gl1 323 405 116
3gl1 202 170 123
3gl1 323 310 122
3gl1 54 424 122
3gl1 315 38 123
3gl1 288 256 122
3gl1 273 229 125
3gl1 67 230 126
3gl1 398 394 126
3gl1 259 158 127
3gl1 20 111 128
3gl1 465 224 128
3gl1 452 15 133
3gl1 209 234 131
3gl1 239 67 132
3gl1 209 139 134
3gl1 307 299 133
3gl1 340 334 135
3gl1 300 70 136
3gl1 322 225 137
3gl1 49 22 140
3gl1 479 50 143
3gl1 467 146 144
3gl1 139 150 145
3gl1 401 282 146
3gl1 386 134 147
3gl1 465 316 147
3gl1 141 382 149
3gl1 19 401 149
3gl1 445 468 149
3gl1 474 102 150
3gl1 12 455 151
3gl1 167 68 151
3gl1 418 422 153
3gl1 368 277 153
3gl1 489 213 155
3gl1 306 438 155
3gl1 408 158 157
3gl1 41 58 157
3gl1 384 36 158
3gl1 370 224 160
3gl1 201 18 161
3gl1 120 251 163
3gl1 337 92 166
3gl1 306 180 166
3gl1 42 414 166
3gl1 305 70 169
3gl1 336 348 172
3gl1 386 96 174
3gl1 196 391 177
3gl1 42 118 180
3gl1 315 111 181
3gl1 274 162 181
3gl1 274 285 181
3gl1 450 184 182
3gl1 439 305 185
3gl1 402 342 183
3gl1 144 415 186
3gl1 306 15 187
3gl1 460 250 186
3gl1 305 138 187
3gl1 350 76 189
3gl1 139 399 189
3gl1 337 94 193
3gl1 274 145 194
3d2f 239 315 2
3d2f 462 203 5
3d2f 347 441 7
3d2f 331 146 9
3d2f 85 158 17
3d2f 174 76 16
3d2f 473 141 15
3d2f 284 17 19
3d2f 228 135 18
3d2f 283 324 19
3d2f 348 419 20
3d2f 472 496 26
3d2f 206 90 29
3d2f 186 266 29
3d2f 479 92 30
3d2f 236 285 31
3d2f 184 169 31
3d2f 368 51 32
3d2f 266 42 35
3d2f 78 148 36
3d2f 480 169 38
3d2f 71 426 37
3d2f 90 266 38
3d2f 218 357 47
3d2f 366 442 49
3d2f 236 168 51
3d2f 457 440 53
3d2f 251 153 62
3d2f 489 144 61
3d2f 172 330 66
3d2f 379 395 69
3d2f 369 42 69
3d2f 340 165 71
3d2f 449 280 71
3d2f 156 25 72
3d2f 462 298 75
3d2f 471 440 79
3d2f 187 57 87
3d2f 466 344 89
3d2f 234 179 90
3d2f 366 464 91
3d2f 471 173 97
3d2f 204 411 94
3d2f 474 434 97
3d2f 253 425 100
3d2f 361 314 101
3d2f 251 297 105
3d2f 477 472 106
3d2f 372 26 110
3d2f 378 197 112
3d2f 222 424 118
3d2f 204 290 119
3d2f 361 51 119
3d2f 315 39 123
3d2f 54 425 122
3d2f 202 171 123
3d2f 213 474 129
3d2f 491 474 129
3d2f 297 66 130
3d2f 208 139 133
3d2f 347 148 134
3d2f 219 194 138
3d2f 281 200 137
3d2f 235 156 140
3d2f 172 171 142
3d2f 195 393 142
3d2f 197 58 142
3d2f 346 388 142
3d2f 139 152 145
3d2f 364 475 146
3d2f 466 151 145
3d2f 330 176 145
3d2f 266 138 151
3d2f 251 55 157
3d2f 382 38 160
3d2f 202 19 161
3d2f 189 465 161
3d2f 438 154 168
3d2f 324 140 169
3d2f 470 156 173
3d2f 195 392 177
3d2f 249 60 181
3d2f 414 158 181
3d2f 438 307 184
3d2f 298 169 185
3d2f 443 441 184
3d2f 22 387 186
3d2f 170 138 192
4d8q 467 339 19
4d8q 183 445 19
4d8q 217 204 21
4d8q 199 223 21
4d8q 35 305 21
4d8q 354 31 19
4d8q 409 225 21
4d8q 274 426 23
4d8q 471 417 23
4d8q 449 393 25
4d8q 146 450 24
4d8q 136 239 26
4d8q 68 321 28
4d8q 259 139 29
4d8q 176 332 30
4d8q 119 450 30
4d8q 437 341 30
4d8q 116 474 30
4d8q 93 72 32
4d8q 176 395 32
4d8q 154 79 34
4d8q 271 218 33
4d8q 271 353 35
4d8q 297 362 34
4d8q 265 119 36
4d8q 119 50 36
4d8q 347 270 37
4d8q 56 405 39
4d8q 270 43 40
4d8q 196 283 42
4d8q 268 333 40
4d8q 112 163 43
4d8q 48 234 43
4d8q 22 282 41
4d8q 218 111 42
4d8q 347 245 43
4d8q 60 336 44
4d8q 309 209 44
4d8q 162 293 45
4d8q 286 89 48
4d8q 492 209 47
4d8q 349 211 49
4d8q 328 30 50
4d8q 127 19 52
4d8q 42 203 53
4d8q 329 218 55
4d8q 64 464 56
4d8q 126 49 56
4d8q 399 95 57
4d8q 59 492 57
4d8q 40 100 59
4d8q 374 102 62
4d8q 203 359 62
4d8q 235 52 66
4d8q 475 266 64
4d8q 361 214 66
4d8q 488 372 66
4d8q 384 448 66
4d8q 461 70 68
4d8q 406 140 68
4d8q 396 230 68
4d8q 206 24 69
4d8q 473 348 71
4d8q 267 374 72
4d8q 279 299 71
4d8q 74 204 71
4d8q 104 331 73
4d8q 427 82 76
4d8q 231 296 75
4d8q 442 363 75
4d8q 114 404 76
4d8q 124 487 78
4d8q 157 28 76
4d8q 398 113 81
4d8q 323 151 81
4d8q 420 409 79
4d8q 146 386 82
4d8q 414 97 84
4d8q 213 256 84
4d8q 157 229 86
4d8q 98 386 86
4d8q 194 161 87
4d8q 66 154 89
4d8q 229 178 89
4d8q 474 37 90
4d8q 337 171 89
4d8q 309 107 91
4d8q 278 481 91
4d8q 121 42 92
4d8q 334 430 92
4d8q 440 28 94
4d8q 370 430 97
4d8q 192 467 94
4d8q 339 41 97
4d8q 179 453 98
4d8q 485 487 97
4d8q 136 129 98
4d8q 449 336 99
4d8q 224 404 101
4d8q 274 265 101
4d8q 153 379 101
4d8q 301 89 102
4d8q 58 327 106
4d8q 275 82 108
4d8q 465 194 107
4d8q 238 488 108
4d8q 106 272 109
4d8q 387 141 110
4d8q 404 446 110
4d8q 216 151 113
4d8q 318 258 113
4d8q 169 336 112
4d8q 353 436 112
4d8q 462 471 114
4d8q 219 184 115
4d8q 437 319 113
4d8q 259 448 114
4d8q 135 448 115
4d8q 310 321 115
4d8q 487 105 117
4d8q 454 369 117
4d8q 63 76 119
4d8q 479 169 118
4d8q 114 344 118
4d8q 235 232 118
4d8q 178 360 119
4d8q 296 113 119
4d8q 424 41 120
4d8q 101 228 122
4d8q 26 265 122
4d8q 356 416 123
4d8q 359 464 123
4d8q 297 271 126
4d8q 184 460 125
4d8q 273 443 130
4d8q 375 27 129
4d8q 305 174 128
4d8q 127 441 130
4d8q 391 146 131
4d8q 180 290 130
4d8q 394 345 131
4d8q 132 106 134
4d8q 65 42 133
4d8q 229 401 135
4d8q 162 278 135
4d8q 303 299 135
4d8q 278 37 138
4d8q 457 44 138
4d8q 228 109 140
4d8q 262 182 139
4d8q 276 249 141
4d8q 190 392 140
4d8q 375 445 139
4d8q 83 40 142
4d8q 154 205 143
4d8q 346 215 141
4d8q 325 109 144
4d8q 462 151 144
4d8q 157 246 142
4d8q 382 134 145
4d8q 220 483 146
4d8q 162 53 145
4d8q 76 138 147
4d8q 215 32 148
4d8q 480 48 148
4d8q 432 429 148
4d8q 307 393 149
4d8q 150 413 150
4d8q 181 45 152
4d8q 289 70 152
4d8q 77 85 152
4d8q 112 313 150
4d8q 332 416 151
4d8q 67 490 154
4d8q 340 141 154
4d8q 58 421 155
4d8q 205 258 157
4d8q 315 267 157
4d8q 294 363 159
4d8q 343 223 163
4d8q 281 44 165
4d8q 449 208 162
4d8q 225 42 165
4d8q 63 102 168
4d8q 426 185 169
4d8q 109 377 170
4d8q 214 468 174
4d8q 71 263 171
4d8q 86 136 173
4d8q 57 305 174
4d8q 328 197 174
4d8q 378 275 175
4d8q 235 211 176
4d8q 123 224 177
4d8q 258 483 177
4d8q 184 123 179
4d8q 31 373 180
4d8q 429 89 181
4d8q 467 125 180
1bxn 490 92 15
1bxn 288 302 13
1bxn 110 344 13
1bxn 34 140 16
1bxn 166 165 16
1bxn 173 77 17
1bxn 324 402 17
1bxn 31 364 19
1bxn 61 447 19
1bxn 470 279 20
1bxn 321 365 19
1bxn 465 237 20
1bxn 275 396 20
1bxn 191 469 20
1bxn 128 374 23
1bxn 231 402 22
1bxn 288 45 23
1bxn 197 314 24
1bxn 394 136 25
1bxn 429 184 25
1bxn 351 338 25
1bxn 293 487 27
1bxn 206 117 26
1bxn 305 140 26
1bxn 480 199 28
1bxn 489 427 29
1bxn 259 478 29
1bxn 209 51 29
1bxn 137 163 29
1bxn 340 350 32
1bxn 286 434 34
1bxn 369 49 33
1bxn 479 169 35
1bxn 79 148 37
1bxn 258 454 38
1bxn 72 17 42
1bxn 424 288 43
1bxn 174 457 42
1bxn 138 137 44
1bxn 277 136 46
1bxn 359 425 46
1bxn 442 408 47
1bxn 365 442 49
1bxn 123 135 50
1bxn 299 253 51
1bxn 220 385 50
1bxn 217 86 53
1bxn 86 236 51
1bxn 305 425 50
1bxn 323 466 53
1bxn 494 122 53
1bxn 283 453 55
1bxn 155 493 54
1bxn 494 38 55
1bxn 51 445 59
1bxn 19 338 61
1bxn 213 103 60
1bxn 254 341 61
1bxn 482 465 60
1bxn 316 480 59
1bxn 488 144 61
1bxn 373 414 63
1bxn 150 348 65
1bxn 469 287 66
1bxn 457 314 65
1bxn 223 261 66
1bxn 173 58 67
1bxn 468 325 67
1bxn 302 165 69
1bxn 271 71 72
1bxn 450 280 72
1bxn 37 201 71
1bxn 259 37 73
1bxn 353 392 74
1bxn 301 463 75
1bxn 208 54 76
1bxn 496 70 78
1bxn 254 327 78
1bxn 429 319 79
1bxn 470 441 79
1bxn 233 109 82
1bxn 292 227 83
1bxn 360 339 83
1bxn 48 72 84
1bxn 258 106 85
1bxn 479 128 84
1bxn 33 59 85
1bxn 192 135 87
1bxn 19 72 86
1bxn 82 186 85
1bxn 465 158 88
1bxn 171 212 87
1bxn 227 347 87
1bxn 47 411 88
1bxn 15 106 90
1bxn 467 344 88
1bxn 465 255 89
1bxn 92 312 89
1bxn 450 486 91
1bxn 270 336 93
1bxn 196 366 93
1bxn 396 288 94
1bxn 94 105 95
1bxn 182 130 99
1bxn 54 201 99
1bxn 395 326 99
1bxn 253 294 99
1bxn 351 63 100
1bxn 110 449 100
1bxn 402 202 102
1bxn 254 425 103
1bxn 395 484 103
1bxn 105 22 103
1bxn 250 399 104
1bxn 16 401 105
1bxn 488 15 107
1bxn 286 496 107
1bxn 69 114 108
1bxn 136 145 109
1bxn 98 203 108
1bxn 469 321 110
1bxn 487 85 110
1bxn 255 20 113
1bxn 248 191 112
1bxn 372 439 117
1bxn 257 250 119
1bxn 138 498 117
1bxn 198 83 120
1bxn 186 255 120
1bxn 26 47 121
1bxn 260 401 120
1bxn 21 190 122
1bxn 272 229 123
1bxn 363 275 122
1bxn 464 228 127
1bxn 195 101 129
1bxn 187 337 128
1bxn 227 286 131
1bxn 362 351 131
1bxn 347 149 132
1bxn 451 15 132
1bxn 36 103 135
1bxn 146 284 135
1bxn 39 301 134
1bxn 366 499 134
1bxn 256 122 137
1bxn 97 175 136
1bxn 306 44 139
1bxn 443 345 140
1bxn 283 398 138
1bxn 171 455 139
1bxn 206 113 140
1bxn 47 344 140
1bxn 291 445 146
1bxn 340 252 146
1bxn 256 442 146
1bxn 200 76 150
1bxn 235 83 148
1bxn 240 421 153
1bxn 491 487 155
1bxn 484 181 155
1bxn 365 281 155
1bxn 434 136 157
1bxn 257 285 159
1bxn 118 252 161
1bxn 486 146 160
1bxn 205 356 165
1bxn 246 359 165
1bxn 113 457 167
1bxn 474 381 168
1bxn 115 19 171
1bxn 170 329 171
1bxn 471 155 171
1bxn 488 365 173
1bxn 252 331 175
1bxn 137 144 177
1bxn 406 40 176
1bxn 38 120 177
1bxn 16 170 179
1bxn 274 163 181
1bxn 37 221 179
1bxn 311 474 180
1bxn 285 425 179
1bxn 491 237 182
1bxn 481 58 184
1bxn 195 281 183
1bxn 143 416 185
1bxn 219 402 184
1bxn 404 86 187
