1bxn 432 150 1
1bxn 429 146 10
1bxn 287 302 13
1bxn 325 402 16
1bxn 260 457 15
1bxn 61 448 16
1bxn 331 156 18
1bxn 385 312 19
1bxn 128 375 24
1bxn 411 225 22
1bxn 197 313 24
1bxn 428 183 26
1bxn 259 477 28
1bxn 210 50 28
1bxn 256 378 29
1bxn 138 162 31
1bxn 325 254 29
1bxn 429 232 32
1bxn 180 329 32
1bxn 438 31 36
1bxn 369 50 33
1bxn 271 354 36
1bxn 185 84 38
1bxn 258 454 38
1bxn 428 234 39
1bxn 195 282 39
1bxn 268 470 46
1bxn 424 288 44
1bxn 174 458 42
1bxn 309 209 44
1bxn 412 72 47
1bxn 349 211 47
1bxn 62 338 48
1bxn 300 250 49
1bxn 446 72 51
1bxn 306 425 50
1bxn 323 465 54
1bxn 495 37 55
1bxn 177 235 59
1bxn 255 341 61
1bxn 213 102 60
1bxn 374 414 64
1bxn 223 260 65
1bxn 268 423 65
1bxn 151 348 64
1bxn 461 69 69
1bxn 268 374 71
1bxn 173 58 68
1bxn 272 70 72
1bxn 301 462 75
1bxn 254 327 78
1bxn 499 69 78
1bxn 429 82 77
1bxn 322 151 79
1bxn 397 473 84
1bxn 49 71 84
1bxn 360 338 82
1bxn 259 105 86
1bxn 292 227 83
1bxn 431 154 87
1bxn 212 255 86
1bxn 465 158 88
1bxn 341 402 88
1bxn 228 456 90
1bxn 472 38 91
1bxn 337 170 91
1bxn 271 336 92
1bxn 53 467 93
1bxn 176 48 96
1bxn 157 378 97
1bxn 350 63 101
1bxn 398 325 103
1bxn 183 128 100
1bxn 54 202 100
1bxn 342 146 101
1bxn 396 484 103
1bxn 265 473 105
1bxn 60 327 106
1bxn 272 81 110
1bxn 70 114 108
1bxn 169 335 111
1bxn 318 258 114
1bxn 270 311 115
1bxn 64 75 120
1bxn 198 81 120
1bxn 257 250 119
1bxn 261 401 120
1bxn 22 190 123
1bxn 148 467 126
1bxn 272 440 131
1bxn 466 227 128
1bxn 169 315 129
1bxn 196 100 130
1bxn 228 283 130
1bxn 451 15 131
1bxn 348 149 131
1bxn 444 224 133
1bxn 36 103 135
1bxn 256 122 137
1bxn 228 400 135
1bxn 456 46 136
1bxn 172 456 139
1bxn 276 250 142
1bxn 50 65 145
1bxn 481 48 146
1bxn 341 251 148
1bxn 463 152 147
1bxn 423 224 149
1bxn 332 416 150
1bxn 318 57 152
1bxn 341 142 151
1bxn 61 419 151
1bxn 180 45 153
1bxn 365 280 155
1bxn 450 68 155
1bxn 434 137 156
1bxn 243 420 156
1bxn 423 153 160
1bxn 416 79 159
1bxn 302 141 159
1bxn 486 146 160
1bxn 447 208 161
1bxn 293 360 158
1bxn 206 257 160
1bxn 450 67 163
1bxn 158 422 164
1bxn 213 296 166
1bxn 173 328 168
1bxn 20 219 168
1bxn 470 155 171
1bxn 270 335 173
1bxn 253 329 176
1bxn 378 274 176
1bxn 17 169 179
1bxn 38 220 178
1bxn 311 474 181
1bxn 186 121 179
1bxn 275 162 181
1bxn 301 254 183
1bxn 481 57 185
1bxn 196 280 184
1bxn 221 402 185
1bxn 144 414 186
1bxn 443 221 187
1bxn 405 86 187
1bxn 435 151 190
