1bxn 288 302 13
1bxn 34 139 16
1bxn 109 344 13
1bxn 490 93 15
1bxn 167 164 16
1bxn 31 364 19
1bxn 324 402 18
1bxn 172 76 17
1bxn 191 469 19
1bxn 465 237 20
1bxn 470 279 20
1bxn 61 447 18
1bxn 217 153 23
1bxn 128 374 24
1bxn 231 401 22
1bxn 288 44 23
1bxn 410 56 24
1bxn 394 136 25
1bxn 258 254 24
1bxn 197 314 24
1bxn 428 184 26
1bxn 304 139 27
1bxn 350 338 25
1bxn 209 50 28
1bxn 380 405 28
1bxn 293 487 28
1bxn 137 162 29
1bxn 488 426 30
1bxn 369 48 34
1bxn 372 279 32
1bxn 287 433 33
1bxn 479 169 36
1bxn 79 147 37
1bxn 257 453 39
1bxn 173 457 41
1bxn 424 288 43
1bxn 72 16 43
1bxn 138 137 44
1bxn 481 382 45
1bxn 359 425 46
1bxn 144 354 47
1bxn 442 408 47
1bxn 315 304 48
1bxn 123 134 50
1bxn 365 442 50
1bxn 305 425 51
1bxn 217 86 53
1bxn 377 347 51
1bxn 494 122 53
1bxn 323 466 54
1bxn 155 493 54
1bxn 494 38 55
1bxn 283 453 55
1bxn 51 445 59
1bxn 19 338 61
1bxn 253 341 61
1bxn 212 103 61
1bxn 482 465 60
1bxn 488 144 61
1bxn 373 414 64
1bxn 149 348 65
1bxn 223 260 65
1bxn 456 314 66
1bxn 442 109 67
1bxn 469 286 67
1bxn 172 57 69
1bxn 302 165 70
1bxn 271 70 71
1bxn 353 392 72
1bxn 450 280 72
1bxn 259 35 73
1bxn 72 342 73
1bxn 300 463 75
1bxn 66 385 76
1bxn 208 54 76
1bxn 255 327 78
1bxn 497 69 78
1bxn 104 332 77
1bxn 469 440 79
1bxn 220 224 82
1bxn 74 414 82
1bxn 49 71 83
1bxn 233 109 83
1bxn 360 339 83
1bxn 33 58 85
1bxn 291 226 83
1bxn 258 106 86
1bxn 479 128 85
1bxn 369 174 85
1bxn 82 185 87
1bxn 465 157 89
1bxn 170 212 88
1bxn 227 347 87
1bxn 47 410 89
1bxn 466 344 89
1bxn 14 105 91
1bxn 192 134 90
1bxn 51 468 90
1bxn 270 335 93
1bxn 396 287 94
1bxn 309 465 93
1bxn 94 105 95
1bxn 196 366 93
1bxn 28 24 94
1bxn 176 46 97
1bxn 55 201 99
1bxn 182 129 99
1bxn 105 20 102
1bxn 402 202 102
1bxn 254 425 103
1bxn 395 485 103
1bxn 461 97 104
1bxn 250 399 103
1bxn 16 401 105
1bxn 488 14 107
1bxn 286 495 107
1bxn 136 145 109
1bxn 70 114 109
1bxn 469 321 111
1bxn 488 85 111
1bxn 404 32 112
1bxn 256 19 114
1bxn 248 190 112
1bxn 63 76 114
1bxn 350 382 115
1bxn 322 408 117
1bxn 372 439 116
1bxn 257 251 119
1bxn 138 497 118
1bxn 199 82 120
1bxn 26 47 121
1bxn 449 493 123
1bxn 272 228 124
1bxn 186 336 126
1bxn 147 467 126
1bxn 195 101 129
1bxn 347 149 131
1bxn 227 285 131
1bxn 362 350 131
1bxn 146 441 132
1bxn 450 15 133
1bxn 247 39 133
1bxn 146 284 135
1bxn 39 300 134
1bxn 36 102 136
1bxn 256 123 137
1bxn 98 175 136
1bxn 171 455 138
1bxn 59 87 139
1bxn 206 113 139
1bxn 433 168 140
1bxn 443 345 141
1bxn 184 253 142
1bxn 291 445 146
1bxn 330 175 146
1bxn 393 416 146
1bxn 256 442 148
1bxn 235 82 149
1bxn 114 153 149
1bxn 200 74 151
1bxn 241 421 155
1bxn 250 266 152
1bxn 434 136 155
1bxn 483 181 155
1bxn 365 280 156
1bxn 492 487 154
1bxn 250 217 156
1bxn 471 349 157
1bxn 83 441 158
1bxn 118 252 161
1bxn 486 146 160
1bxn 113 457 167
1bxn 474 381 168
1bxn 115 17 170
1bxn 171 329 172
1bxn 488 365 173
1bxn 471 155 173
1bxn 406 40 175
1bxn 138 144 177
1bxn 38 121 177
1bxn 104 33 178
1bxn 16 169 180
1bxn 274 163 181
1bxn 37 221 179
1bxn 285 425 180
1bxn 311 474 181
1bxn 480 57 184
1bxn 143 416 185
1bxn 195 280 183
1bxn 219 402 183
1bxn 443 221 185
1bxn 403 87 189
