3cf3 48 258 1
3cf3 390 465 1
3cf3 272 233 9
3cf3 124 276 13
3cf3 196 162 17
3cf3 379 53 18
3cf3 269 361 19
3cf3 287 345 20
3cf3 112 404 21
3cf3 38 207 26
3cf3 94 282 21
3cf3 433 420 22
3cf3 469 279 24
3cf3 120 122 27
3cf3 111 321 25
3cf3 184 357 26
3cf3 194 69 28
3cf3 452 94 27
3cf3 340 350 29
3cf3 88 447 34
3cf3 138 164 31
3cf3 453 253 39
3cf3 288 168 38
3cf3 314 413 39
3cf3 168 114 41
3cf3 237 122 38
3cf3 195 28 45
3cf3 410 72 43
3cf3 384 400 42
3cf3 341 185 46
3cf3 236 448 46
3cf3 469 297 48
3cf3 178 214 47
3cf3 305 424 50
3cf3 315 305 50
3cf3 132 466 53
3cf3 28 83 54
3cf3 110 322 55
3cf3 220 176 56
3cf3 122 401 57
3cf3 197 44 60
3cf3 29 472 57
3cf3 326 338 58
3cf3 282 163 63
3cf3 186 430 62
3cf3 491 435 62
3cf3 230 430 61
3cf3 416 298 62
3cf3 468 326 65
3cf3 168 462 64
3cf3 236 474 64
3cf3 231 176 66
3cf3 340 224 66
3cf3 371 67 68
3cf3 173 58 68
3cf3 254 464 70
3cf3 482 69 71
3cf3 387 340 71
3cf3 28 381 69
3cf3 216 158 75
3cf3 230 177 71
3cf3 172 58 72
3cf3 58 139 76
3cf3 28 378 75
3cf3 304 216 78
3cf3 439 430 80
3cf3 46 475 79
3cf3 397 473 84
3cf3 396 231 81
3cf3 342 400 83
3cf3 253 431 83
3cf3 281 370 84
3cf3 263 397 85
3cf3 52 468 90
3cf3 372 192 88
3cf3 136 63 90
3cf3 67 309 89
3cf3 228 457 92
3cf3 403 382 90
3cf3 308 464 90
3cf3 179 187 91
3cf3 342 198 91
3cf3 34 473 95
3cf3 438 474 95
3cf3 418 128 98
3cf3 23 360 99
3cf3 488 103 100
3cf3 442 51 100
3cf3 423 57 102
3cf3 375 164 100
3cf3 39 247 100
3cf3 407 339 100
3cf3 109 448 102
3cf3 242 112 104
3cf3 182 86 104
3cf3 20 452 102
3cf3 20 360 104
3cf3 36 248 107
3cf3 43 287 107
3cf3 29 432 108
3cf3 99 202 109
3cf3 134 475 108
3cf3 489 85 112
3cf3 139 275 112
3cf3 321 342 110
3cf3 258 213 113
3cf3 208 482 113
3cf3 481 460 115
3cf3 53 402 118
3cf3 405 446 117
3cf3 308 147 118
3cf3 138 497 119
3cf3 82 147 123
3cf3 165 224 121
3cf3 215 210 124
3cf3 79 21 125
3cf3 72 489 126
3cf3 157 77 127
3cf3 398 192 128
3cf3 206 236 129
3cf3 38 148 130
3cf3 269 288 130
3cf3 268 377 132
3cf3 77 276 132
3cf3 396 399 134
3cf3 412 369 133
3cf3 38 149 136
3cf3 283 168 135
3cf3 109 249 136
3cf3 30 423 135
3cf3 483 373 136
3cf3 138 475 141
3cf3 164 354 139
3cf3 244 193 143
3cf3 145 232 144
3cf3 490 467 145
3cf3 62 389 149
3cf3 457 414 152
3cf3 103 24 155
3cf3 367 93 155
3cf3 487 217 152
3cf3 74 188 156
3cf3 288 208 153
3cf3 382 221 155
3cf3 362 154 156
3cf3 387 342 154
3cf3 114 493 159
3cf3 406 162 158
3cf3 396 73 159
3cf3 469 97 159
3cf3 225 99 159
3cf3 429 186 161
3cf3 60 236 164
3cf3 190 289 167
3cf3 98 355 166
3cf3 20 219 168
3cf3 28 263 168
3cf3 237 261 170
3cf3 387 404 169
3cf3 488 440 171
3cf3 81 485 172
3cf3 181 308 172
3cf3 278 352 172
3cf3 349 424 173
3cf3 405 306 173
3cf3 162 240 176
3cf3 19 290 176
3cf3 21 310 179
3cf3 338 350 177
3cf3 338 81 176
3cf3 162 84 180
3cf3 428 24 179
3cf3 206 74 186
3cf3 405 86 187
1u6g 415 189 2
1u6g 285 64 2
1u6g 408 369 6
1u6g 412 119 12
1u6g 222 359 11
1u6g 136 96 14
1u6g 298 289 14
1u6g 218 204 15
1u6g 81 187 17
1u6g 271 365 15
1u6g 271 152 17
1u6g 388 314 17
1u6g 159 43 17
1u6g 390 492 19
1u6g 284 19 20
1u6g 293 287 20
1u6g 35 340 21
1u6g 367 374 22
1u6g 76 395 22
1u6g 448 327 24
1u6g 82 460 22
1u6g 79 71 24
1u6g 147 411 25
1u6g 429 124 26
1u6g 53 249 26
1u6g 394 331 25
1u6g 85 220 28
1u6g 22 334 28
1u6g 42 182 28
1u6g 68 459 28
1u6g 404 178 28
1u6g 477 92 32
1u6g 182 169 29
1u6g 456 72 30
1u6g 379 234 31
1u6g 405 443 31
1u6g 487 63 33
1u6g 135 58 34
1u6g 479 168 33
1u6g 91 365 34
1u6g 388 433 35
1u6g 270 454 33
1u6g 133 110 37
1u6g 268 180 37
1u6g 71 426 37
1u6g 204 170 37
1u6g 30 347 39
1u6g 366 85 42
1u6g 494 229 42
1u6g 428 379 41
1u6g 470 142 43
1u6g 288 169 43
1u6g 219 204 45
1u6g 221 463 45
1u6g 404 317 46
1u6g 456 123 47
1u6g 341 164 48
1u6g 385 187 48
1u6g 400 228 49
1u6g 365 441 48
1u6g 391 460 49
1u6g 185 70 51
1u6g 402 365 49
1u6g 445 74 53
1u6g 306 267 50
1u6g 93 333 54
1u6g 367 477 52
1u6g 286 87 54
1u6g 318 105 57
1u6g 318 239 53
1u6g 403 330 54
1u6g 268 475 54
1u6g 100 474 59
1u6g 102 393 57
1u6g 389 474 60
1u6g 318 152 61
1u6g 446 176 60
1u6g 150 349 60
1u6g 30 223 62
1u6g 88 363 63
1u6g 214 103 64
1u6g 419 210 63
1u6g 117 488 63
1u6g 402 361 68
1u6g 244 376 64
1u6g 321 195 65
1u6g 48 230 69
1u6g 142 403 67
1u6g 385 28 66
1u6g 172 221 67
1u6g 208 300 67
1u6g 271 240 69
1u6g 287 342 68
1u6g 379 395 69
1u6g 464 205 74
1u6g 419 209 71
1u6g 72 63 72
1u6g 348 88 74
1u6g 159 104 72
1u6g 46 380 77
1u6g 357 55 76
1u6g 365 135 74
1u6g 281 105 75
1u6g 419 158 78
1u6g 76 360 79
1u6g 491 362 79
1u6g 368 172 80
1u6g 73 412 79
1u6g 101 427 79
1u6g 344 31 81
1u6g 70 462 84
1u6g 422 476 85
1u6g 20 71 87
1u6g 204 410 86
1u6g 341 133 88
1u6g 448 486 88
1u6g 431 209 90
1u6g 22 414 91
1u6g 366 463 91
1u6g 342 368 90
1u6g 282 244 92
1u6g 101 77 95
1u6g 390 24 93
1u6g 319 78 94
1u6g 390 395 94
1u6g 139 210 94
1u6g 392 104 96
1u6g 278 156 97
1u6g 282 459 97
1u6g 54 404 99
1u6g 395 483 99
1u6g 387 107 101
1u6g 415 360 101
1u6g 353 87 103
1u6g 284 51 103
1u6g 143 43 105
1u6g 476 471 104
1u6g 373 113 106
1u6g 359 395 106
1u6g 164 444 107
1u6g 394 176 109
1u6g 312 168 108
1u6g 23 173 108
1u6g 389 240 109
1u6g 45 376 112
1u6g 485 43 111
1u6g 71 39 112
1u6g 418 147 112
1u6g 275 234 112
1u6g 144 317 111
1u6g 301 437 117
1u6g 286 332 117
1u6g 36 140 117
1u6g 395 273 116
1u6g 389 101 120
1u6g 431 108 119
1u6g 370 251 120
1u6g 409 349 118
1u6g 147 90 120
1u6g 277 110 122
1u6g 390 250 123
1u6g 464 227 123
1u6g 56 310 125
1u6g 132 362 124
1u6g 396 460 124
1u6g 214 475 127
1u6g 454 140 126
1u6g 283 59 128
1u6g 231 478 126
1u6g 310 202 126
1u6g 479 120 128
1u6g 340 337 130
1u6g 438 245 130
1u6g 395 274 129
1u6g 232 122 130
1u6g 428 492 132
1u6g 296 68 132
1u6g 373 397 134
1u6g 408 222 132
1u6g 480 373 133
1u6g 42 26 133
1u6g 376 366 133
1u6g 365 16 135
1u6g 28 393 135
1u6g 98 21 135
1u6g 368 124 136
1u6g 272 69 137
1u6g 300 71 137
1u6g 299 240 138
1u6g 213 360 141
1u6g 64 427 140
1u6g 199 328 141
1u6g 65 205 142
1u6g 225 66 142
1u6g 421 220 144
1u6g 364 477 146
1u6g 144 345 145
1u6g 41 445 146
1u6g 396 90 148
1u6g 152 326 147
1u6g 302 237 148
1u6g 140 84 149
1u6g 431 246 149
1u6g 54 22 151
1u6g 218 267 150
1u6g 285 193 150
1u6g 338 108 155
1u6g 339 249 154
1u6g 324 476 155
1u6g 435 39 155
1u6g 205 216 157
1u6g 316 249 159
1u6g 365 280 157
1u6g 374 371 158
1u6g 111 295 158
1u6g 369 484 158
1u6g 475 218 160
1u6g 72 332 162
1u6g 39 477 160
1u6g 365 120 165
1u6g 396 366 162
1u6g 292 222 164
1u6g 289 236 165
1u6g 301 71 166
1u6g 123 313 166
1u6g 43 416 168
1u6g 438 153 168
1u6g 317 381 169
1u6g 367 179 170
1u6g 319 102 172
1u6g 271 334 172
1u6g 198 396 173
1u6g 96 420 174
1u6g 467 122 174
1u6g 365 203 175
1u6g 289 244 174
1u6g 101 478 175
1u6g 69 474 176
1u6g 457 186 176
1u6g 209 436 177
1u6g 132 59 180
1u6g 301 166 179
1u6g 71 71 181
1u6g 264 239 181
1u6g 342 248 184
1u6g 350 75 188
1u6g 366 242 187
1u6g 123 493 189
1u6g 351 103 196
4cr2 311 188 26
4cr2 398 471 29
4cr2 374 284 29
4cr2 453 161 32
4cr2 312 232 30
4cr2 43 480 33
4cr2 437 32 32
4cr2 365 109 33
4cr2 229 176 33
4cr2 241 231 33
4cr2 409 407 33
4cr2 59 368 37
4cr2 35 437 33
4cr2 330 453 37
4cr2 139 294 34
4cr2 167 268 39
4cr2 106 281 36
4cr2 279 308 37
4cr2 387 211 40
4cr2 181 217 40
4cr2 244 195 40
4cr2 392 256 39
4cr2 366 258 43
4cr2 75 48 38
4cr2 311 240 38
4cr2 341 344 40
4cr2 235 361 41
4cr2 448 449 42
4cr2 458 369 42
4cr2 243 399 41
4cr2 362 159 42
4cr2 402 432 44
4cr2 335 481 44
4cr2 314 421 45
4cr2 289 48 46
4cr2 224 383 49
4cr2 105 395 47
4cr2 337 391 48
4cr2 418 480 51
4cr2 246 168 49
4cr2 244 277 50
4cr2 327 274 51
4cr2 266 471 49
4cr2 213 155 52
4cr2 445 335 53
4cr2 183 348 52
4cr2 172 233 54
4cr2 264 206 55
4cr2 66 413 56
4cr2 235 425 53
4cr2 144 234 56
4cr2 96 269 55
4cr2 455 46 57
4cr2 149 426 58
4cr2 195 198 60
4cr2 379 369 61
4cr2 89 104 60
4cr2 309 398 60
4cr2 155 205 62
4cr2 138 96 64
4cr2 56 61 62
4cr2 326 346 64
4cr2 305 440 67
4cr2 233 116 66
4cr2 282 258 68
4cr2 302 279 67
4cr2 232 356 66
4cr2 271 423 69
4cr2 343 456 69
4cr2 145 430 67
4cr2 171 438 68
4cr2 344 110 70
4cr2 112 253 71
4cr2 226 205 72
4cr2 48 351 71
4cr2 110 380 71
4cr2 197 324 73
4cr2 55 172 73
4cr2 414 442 76
4cr2 185 481 73
4cr2 110 126 75
4cr2 370 434 75
4cr2 310 33 74
4cr2 127 440 76
4cr2 231 325 75
4cr2 176 438 75
4cr2 129 175 79
4cr2 208 465 80
4cr2 154 130 79
4cr2 366 131 82
4cr2 138 358 82
4cr2 287 176 83
4cr2 356 245 85
4cr2 358 277 87
4cr2 429 278 86
4cr2 49 441 85
4cr2 146 84 87
4cr2 483 282 87
4cr2 83 84 86
4cr2 439 392 86
4cr2 229 137 87
4cr2 435 239 86
4cr2 228 70 91
4cr2 305 373 92
4cr2 403 44 94
4cr2 304 333 92
4cr2 419 362 90
4cr2 384 64 92
4cr2 67 361 95
4cr2 342 99 94
4cr2 62 274 96
4cr2 186 316 96
4cr2 300 283 98
4cr2 247 324 99
4cr2 282 115 98
4cr2 155 159 98
4cr2 126 389 99
4cr2 370 114 100
4cr2 36 137 102
4cr2 40 107 107
4cr2 34 196 104
4cr2 277 156 107
4cr2 186 385 107
4cr2 200 62 105
4cr2 157 412 108
4cr2 264 477 106
4cr2 244 256 107
4cr2 323 181 108
4cr2 166 223 110
4cr2 398 264 107
4cr2 423 175 110
4cr2 208 445 112
4cr2 305 122 115
4cr2 199 58 111
4cr2 356 184 111
4cr2 265 311 111
4cr2 249 352 114
4cr2 94 166 115
4cr2 81 381 115
4cr2 213 264 116
4cr2 436 108 116
4cr2 356 128 120
4cr2 432 390 118
4cr2 419 76 120
4cr2 269 311 118
4cr2 169 36 119
4cr2 330 200 119
4cr2 96 303 120
4cr2 432 262 121
4cr2 437 359 125
4cr2 293 35 123
4cr2 380 81 124
4cr2 354 103 129
4cr2 160 77 124
4cr2 408 222 124
4cr2 363 235 126
4cr2 121 292 127
4cr2 450 86 127
4cr2 276 469 126
4cr2 414 130 128
4cr2 122 190 126
4cr2 322 397 130
4cr2 443 427 127
4cr2 306 94 131
4cr2 105 422 130
4cr2 214 300 131
4cr2 33 467 132
4cr2 321 155 133
4cr2 433 192 133
4cr2 417 398 135
4cr2 304 438 132
4cr2 107 54 134
4cr2 170 103 138
4cr2 431 263 134
4cr2 468 77 139
4cr2 30 421 136
4cr2 441 224 138
4cr2 92 348 140
4cr2 384 58 139
4cr2 163 379 142
4cr2 103 386 143
4cr2 247 321 142
4cr2 108 156 144
4cr2 424 114 149
4cr2 463 268 145
4cr2 301 38 146
4cr2 129 310 147
4cr2 239 296 148
4cr2 387 394 146
4cr2 429 464 146
4cr2 338 73 151
4cr2 34 85 151
4cr2 398 292 150
4cr2 362 51 152
4cr2 217 417 151
4cr2 447 69 158
4cr2 101 129 155
4cr2 267 358 157
4cr2 238 393 155
4cr2 431 430 152
4cr2 427 463 155
4cr2 151 132 157
4cr2 462 247 157
4cr2 176 248 156
4cr2 302 139 155
4cr2 82 328 157
4cr2 319 214 155
4cr2 301 289 158
4cr2 115 435 158
4cr2 449 302 161
4cr2 244 353 159
4cr2 180 123 159
4cr2 210 163 159
4cr2 322 53 160
4cr2 340 287 161
4cr2 312 316 160
4cr2 171 198 163
4cr2 280 103 165
4cr2 133 412 165
4cr2 200 360 166
4cr2 267 391 167
4cr2 473 347 166
4cr2 371 423 168
4cr2 362 202 166
4cr2 337 329 168
4cr2 161 415 168
4cr2 133 195 168
4cr2 156 475 168
4cr2 408 308 170
4cr2 341 54 170
4cr2 391 222 171
4cr2 320 427 172
4cr2 413 272 177
4cr2 338 347 181
4cr2 348 109 182
1qvr 301 154 0
1qvr 168 231 1
1qvr 485 216 8
1qvr 268 481 6
1qvr 321 222 8
1qvr 124 274 12
1qvr 124 276 17
1qvr 24 392 17
1qvr 227 43 19
1qvr 270 153 18
1qvr 288 43 22
1qvr 161 260 20
1qvr 374 353 20
1qvr 54 421 20
1qvr 182 408 21
1qvr 256 305 25
1qvr 24 393 24
1qvr 288 345 23
1qvr 44 479 30
1qvr 261 478 25
1qvr 175 395 26
1qvr 300 168 28
1qvr 67 227 29
1qvr 309 114 30
1qvr 281 311 30
1qvr 134 237 32
1qvr 226 44 33
1qvr 160 45 33
1qvr 25 69 34
1qvr 316 221 35
1qvr 140 294 35
1qvr 390 213 36
1qvr 109 280 38
1qvr 392 55 39
1qvr 240 317 39
1qvr 134 396 41
1qvr 471 406 40
1qvr 76 50 40
1qvr 249 163 41
1qvr 331 485 40
1qvr 426 382 42
1qvr 410 72 43
1qvr 394 52 44
1qvr 314 133 44
1qvr 249 341 45
1qvr 25 359 45
1qvr 418 477 47
1qvr 168 231 49
1qvr 472 232 49
1qvr 155 167 50
1qvr 68 375 51
1qvr 340 395 52
1qvr 60 300 50
1qvr 136 324 51
1qvr 144 353 52
1qvr 311 84 54
1qvr 214 288 53
1qvr 124 47 54
1qvr 69 209 55
1qvr 26 265 54
1qvr 95 269 55
1qvr 488 250 56
1qvr 305 171 57
1qvr 21 45 57
1qvr 29 82 58
1qvr 76 139 59
1qvr 153 147 59
1qvr 302 282 60
1qvr 146 233 59
1qvr 379 395 62
1qvr 175 236 60
1qvr 357 135 63
1qvr 165 271 64
1qvr 417 297 64
1qvr 264 129 66
1qvr 269 424 66
1qvr 317 246 67
1qvr 144 428 68
1qvr 469 184 68
1qvr 308 218 72
1qvr 382 26 70
1qvr 302 278 71
1qvr 25 466 71
1qvr 186 485 70
1qvr 155 25 71
1qvr 437 396 72
1qvr 425 54 72
1qvr 118 232 76
1qvr 273 423 72
1qvr 247 165 74
1qvr 176 170 75
1qvr 284 255 72
1qvr 399 21 75
1qvr 255 57 78
1qvr 176 362 75
1qvr 102 73 76
1qvr 57 140 76
1qvr 147 386 78
1qvr 53 171 78
1qvr 391 87 81
1qvr 175 171 82
1qvr 479 279 81
1qvr 231 138 83
1qvr 81 236 85
1qvr 74 416 84
1qvr 309 238 85
1qvr 158 153 87
1qvr 478 238 88
1qvr 120 280 87
1qvr 298 48 85
1qvr 310 370 88
1qvr 404 381 87
1qvr 278 480 86
1qvr 487 191 89
1qvr 189 235 88
1qvr 102 190 90
1qvr 405 224 89
1qvr 206 284 88
1qvr 264 363 92
1qvr 276 34 91
1qvr 299 397 91
1qvr 201 410 93
1qvr 28 25 94
1qvr 428 150 93
1qvr 301 153 94
1qvr 62 92 96
1qvr 325 407 97
1qvr 34 473 95
1qvr 125 483 96
1qvr 254 33 100
1qvr 298 400 99
1qvr 40 284 102
1qvr 344 262 101
1qvr 400 266 102
1qvr 282 48 105
1qvr 255 292 103
1qvr 121 312 102
1qvr 278 112 103
1qvr 279 157 102
1qvr 34 141 105
1qvr 342 146 105
1qvr 300 246 105
1qvr 251 327 106
1qvr 343 263 107
1qvr 64 430 109
1qvr 462 262 108
1qvr 276 154 109
1qvr 212 268 110
1qvr 277 441 110
1qvr 391 238 111
1qvr 479 167 112
1qvr 312 423 111
1qvr 261 481 112
1qvr 82 380 112
1qvr 31 141 114
1qvr 82 321 114
1qvr 275 272 117
1qvr 96 360 116
1qvr 65 283 117
1qvr 134 406 117
1qvr 31 479 116
1qvr 169 35 119
1qvr 167 260 118
1qvr 234 330 118
1qvr 48 231 118
1qvr 316 39 123
1qvr 216 265 120
1qvr 394 272 121
1qvr 170 181 122
1qvr 432 262 121
1qvr 132 406 122
1qvr 49 232 124
1qvr 123 290 124
1qvr 414 132 124
1qvr 305 173 124
1qvr 165 256 124
1qvr 270 440 125
1qvr 395 275 126
1qvr 240 73 131
1qvr 489 473 127
1qvr 319 154 130
1qvr 430 265 130
1qvr 168 315 130
1qvr 46 164 133
1qvr 241 267 134
1qvr 77 276 132
1qvr 415 450 135
1qvr 170 106 135
1qvr 283 167 136
1qvr 412 370 134
1qvr 404 40 136
1qvr 27 392 135
1qvr 167 478 137
1qvr 318 149 137
1qvr 127 221 136
1qvr 38 266 138
1qvr 395 345 136
1qvr 408 151 140
1qvr 296 347 138
1qvr 389 416 140
1qvr 175 167 142
1qvr 28 360 140
1qvr 166 413 139
1qvr 72 374 142
1qvr 385 58 142
1qvr 285 397 141
1qvr 322 439 141
1qvr 50 63 144
1qvr 141 263 144
1qvr 221 312 146
1qvr 247 32 145
1qvr 310 166 149
1qvr 463 315 147
1qvr 43 230 148
1qvr 128 304 150
1qvr 191 138 151
1qvr 390 394 150
1qvr 300 106 153
1qvr 303 138 151
1qvr 381 221 152
1qvr 204 218 153
1qvr 77 286 151
1qvr 44 446 151
1qvr 400 204 153
1qvr 241 297 153
1qvr 85 329 153
1qvr 146 107 157
1qvr 479 322 155
1qvr 399 287 156
1qvr 310 392 155
1qvr 33 89 158
1qvr 300 139 158
1qvr 76 217 159
1qvr 181 122 159
1qvr 286 400 159
1qvr 295 448 162
1qvr 388 398 162
1qvr 107 109 162
1qvr 263 246 163
1qvr 472 349 164
1qvr 464 243 163
1qvr 135 323 163
1qvr 29 263 164
1qvr 313 312 164
1qvr 214 297 166
1qvr 215 165 166
1qvr 60 235 167
1qvr 294 223 170
1qvr 138 262 171
1qvr 161 409 171
1qvr 486 440 170
1qvr 26 140 170
1qvr 41 346 171
1qvr 238 261 172
1qvr 409 269 172
1qvr 190 36 176
1qvr 341 57 173
1qvr 69 71 173
1qvr 170 149 176
1qvr 408 415 175
1qvr 334 476 175
1qvr 255 329 177
1qvr 319 425 176
1qvr 422 391 176
1qvr 163 86 178
1qvr 391 133 178
1qvr 69 262 178
1qvr 470 394 180
1qvr 406 416 181
1qvr 118 262 183
1qvr 22 310 182
1qvr 270 428 187
1qvr 305 314 189
1qvr 485 373 189
1qvr 190 360 191
1qvr 148 480 191
1qvr 275 148 193
3h84 274 161 1
3h84 472 442 0
3h84 79 379 4
3h84 470 139 6
3h84 152 135 7
3h84 171 97 9
3h84 140 403 9
3h84 79 401 11
3h84 297 288 14
3h84 466 12 15
3h84 84 266 13
3h84 70 56 17
3h84 157 249 19
3h84 112 403 17
3h84 269 360 18
3h84 58 354 19
3h84 183 410 18
3h84 53 422 19
3h84 283 18 20
3h84 299 169 21
3h84 353 418 21
3h84 81 460 21
3h84 446 140 24
3h84 136 177 21
3h84 236 286 22
3h84 248 48 23
3h84 75 393 24
3h84 209 37 23
3h84 415 132 24
3h84 366 387 25
3h84 361 107 25
3h84 420 93 25
3h84 196 160 26
3h84 375 350 27
3h84 295 79 28
3h84 284 237 27
3h84 42 35 30
3h84 110 135 29
3h84 298 407 30
3h84 478 90 31
3h84 53 85 35
3h84 417 170 34
3h84 217 344 34
3h84 271 453 34
3h84 442 102 35
3h84 89 129 34
3h84 206 167 35
3h84 41 140 35
3h84 32 390 36
3h84 430 429 37
3h84 30 347 38
3h84 141 136 38
3h84 334 320 38
3h84 461 315 39
3h84 307 391 40
3h84 184 161 40
3h84 339 185 41
3h84 160 17 41
3h84 74 122 41
3h84 24 453 42
3h84 434 112 43
3h84 460 313 44
3h84 234 152 43
3h84 427 232 44
3h84 413 344 46
3h84 217 357 45
3h84 138 278 45
3h84 185 148 47
3h84 434 267 48
3h84 149 443 49
3h84 490 160 50
3h84 361 469 49
3h84 204 478 49
3h84 373 25 51
3h84 246 167 50
3h84 336 480 51
3h84 81 449 51
3h84 186 403 53
3h84 188 299 54
3h84 272 396 54
3h84 281 190 57
3h84 80 250 55
3h84 363 494 58
3h84 441 368 58
3h84 87 412 60
3h84 98 271 60
3h84 362 21 62
3h84 440 296 62
3h84 233 176 63
3h84 13 228 65
3h84 48 138 65
3h84 55 99 66
3h84 72 26 68
3h84 358 135 67
3h84 443 195 67
3h84 216 160 70
3h84 186 400 70
3h84 487 97 71
3h84 432 18 72
3h84 487 23 73
3h84 251 201 72
3h84 231 38 76
3h84 441 53 74
3h84 322 263 76
3h84 51 352 74
3h84 346 492 76
3h84 472 348 75
3h84 89 158 77
3h84 125 168 78
3h84 354 99 80
3h84 482 257 80
3h84 341 398 79
3h84 100 73 79
3h84 46 377 80
3h84 140 111 81
3h84 79 235 81
3h84 74 118 85
3h84 157 154 84
3h84 27 284 83
3h84 111 360 82
3h84 90 140 86
3h84 422 476 85
3h84 328 491 86
3h84 181 281 87
3h84 77 40 88
3h84 80 170 89
3h84 202 410 88
3h84 72 418 88
3h84 78 334 90
3h84 450 414 89
3h84 66 392 89
3h84 154 145 92
3h84 466 407 91
3h84 284 116 91
3h84 99 77 95
3h84 491 100 93
3h84 369 163 92
3h84 371 192 94
3h84 135 62 95
3h84 413 408 94
3h84 85 70 96
3h84 436 79 99
3h84 449 82 95
3h84 316 383 97
3h84 120 368 98
3h84 103 14 99
3h84 391 105 99
3h84 417 127 101
3h84 43 266 101
3h84 296 399 100
3h84 37 132 102
3h84 90 184 102
3h84 143 42 103
3h84 29 375 104
3h84 441 125 106
3h84 233 354 104
3h84 92 408 105
3h84 436 372 106
3h84 32 355 107
3h84 24 175 108
3h84 285 208 109
3h84 359 238 108
3h84 414 144 111
3h84 333 358 113
3h84 481 385 109
3h84 344 408 109
3h84 49 153 110
3h84 360 360 110
3h84 322 96 110
3h84 31 146 110
3h84 358 291 112
3h84 70 40 112
3h84 415 80 113
3h84 97 163 111
3h84 201 136 114
3h84 150 63 114
3h84 169 29 116
3h84 394 274 117
3h84 62 283 118
3h84 31 480 116
3h84 437 203 118
3h84 356 89 119
3h84 330 383 119
3h84 431 372 119
3h84 435 140 121
3h84 200 174 121
3h84 30 177 121
3h84 410 215 120
3h84 65 486 122
3h84 301 490 123
3h84 114 114 125
3h84 27 442 126
3h84 104 470 126
3h84 455 184 127
3h84 57 420 127
3h84 438 191 129
3h84 438 245 131
3h84 340 297 131
3h84 147 311 130
3h84 168 108 131
3h84 339 335 132
3h84 242 268 133
3h84 458 44 134
3h84 307 120 134
3h84 407 316 134
3h84 320 227 136
3h84 38 369 136
3h84 109 418 135
3h84 340 478 136
3h84 24 394 138
3h84 64 425 140
3h84 113 115 140
3h84 224 137 140
3h84 30 347 142
3h84 244 351 140
3h84 27 360 141
3h84 344 390 143
3h84 443 406 142
3h84 375 320 142
3h84 464 317 144
3h84 362 477 144
3h84 370 153 146
3h84 50 283 147
3h84 21 399 146
3h84 267 412 147
3h84 215 416 146
3h84 460 233 149
3h84 218 266 149
3h84 103 24 149
3h84 287 193 150
3h84 19 402 150
3h84 417 423 152
3h84 188 273 152
3h84 25 284 151
3h84 59 284 152
3h84 361 313 152
3h84 75 137 152
3h84 362 155 153
3h84 175 435 153
3h84 51 329 154
3h84 55 68 158
3h84 374 371 155
3h84 298 449 155
3h84 441 263 156
3h84 81 331 155
3h84 438 37 157
3h84 246 175 158
3h84 367 227 158
3h84 466 395 157
3h84 63 145 161
3h84 407 146 161
3h84 260 180 161
3h84 237 250 159
3h84 72 330 164
3h84 25 101 163
3h84 231 135 164
3h84 96 94 167
3h84 43 195 165
3h84 314 381 165
3h84 82 392 168
3h84 266 151 169
3h84 431 443 170
3h84 425 44 173
3h84 166 409 174
3h84 150 96 175
3h84 237 261 174
3h84 196 395 175
3h84 472 349 175
3h84 247 158 177
3h84 211 377 176
3h84 96 440 178
3h84 22 340 177
3h84 295 376 179
3h84 420 278 179
3h84 286 330 179
3h84 42 459 180
3h84 43 247 183
3h84 432 385 184
3h84 301 167 182
3h84 104 492 181
3h84 191 337 184
3h84 286 423 183
3h84 205 334 186
3h84 349 76 187
3h84 216 55 191
3h84 201 278 191
3h84 38 89 194
3h84 359 242 196
3h84 53 180 195
3h84 95 78 196
2cg9 165 276 5
2cg9 109 52 11
2cg9 160 356 15
2cg9 109 346 16
2cg9 77 37 17
2cg9 440 355 18
2cg9 390 492 19
2cg9 33 20 17
2cg9 398 355 17
2cg9 458 107 19
2cg9 419 166 21
2cg9 207 116 24
2cg9 185 356 24
2cg9 419 373 27
2cg9 339 350 26
2cg9 361 374 29
2cg9 103 86 29
2cg9 478 91 31
2cg9 86 220 28
2cg9 162 453 31
2cg9 359 133 32
2cg9 140 220 33
2cg9 359 484 34
2cg9 444 105 36
2cg9 341 372 35
2cg9 72 426 37
2cg9 208 85 39
2cg9 312 357 42
2cg9 421 198 44
2cg9 56 164 45
2cg9 404 315 46
2cg9 78 279 50
2cg9 445 71 50
2cg9 63 86 50
2cg9 143 354 49
2cg9 158 492 50
2cg9 108 91 51
2cg9 99 485 53
2cg9 361 261 53
2cg9 254 150 54
2cg9 438 371 56
2cg9 215 149 58
2cg9 105 356 56
2cg9 187 115 57
2cg9 100 473 59
2cg9 317 102 60
2cg9 88 363 63
2cg9 100 147 62
2cg9 334 236 63
2cg9 398 340 64
2cg9 286 483 66
2cg9 52 232 66
2cg9 142 402 68
2cg9 432 246 76
2cg9 75 342 76
2cg9 209 341 79
2cg9 293 355 79
2cg9 397 233 80
2cg9 89 342 81
2cg9 111 360 82
2cg9 442 350 86
2cg9 168 403 86
2cg9 70 461 85
2cg9 422 476 84
2cg9 190 36 87
2cg9 342 133 89
2cg9 102 468 89
2cg9 450 486 89
2cg9 343 366 91
2cg9 312 236 92
2cg9 160 500 92
2cg9 72 220 92
2cg9 118 84 96
2cg9 90 325 99
2cg9 458 244 98
2cg9 214 85 105
2cg9 440 84 104
2cg9 407 341 102
2cg9 354 86 105
2cg9 64 133 105
2cg9 416 358 103
2cg9 70 115 105
2cg9 436 372 105
2cg9 82 491 105
2cg9 398 325 108
2cg9 50 221 110
2cg9 82 246 111
2cg9 70 115 110
2cg9 238 488 111
2cg9 106 84 113
2cg9 438 204 116
2cg9 81 323 117
2cg9 97 360 116
2cg9 136 340 118
2cg9 409 348 119
2cg9 413 482 119
2cg9 77 21 121
2cg9 182 404 121
2cg9 388 101 120
2cg9 91 421 122
2cg9 102 102 121
2cg9 79 342 122
2cg9 104 79 124
2cg9 454 140 125
2cg9 208 235 130
2cg9 379 364 130
2cg9 88 243 130
2cg9 65 451 132
2cg9 436 293 133
2cg9 427 492 133
2cg9 365 500 135
2cg9 254 482 139
2cg9 77 275 135
2cg9 308 372 136
2cg9 329 328 139
2cg9 113 115 141
2cg9 215 358 143
2cg9 441 404 142
2cg9 37 267 142
2cg9 364 476 146
2cg9 411 151 146
2cg9 153 325 146
2cg9 91 356 147
2cg9 100 488 146
2cg9 424 220 148
2cg9 442 68 150
2cg9 140 85 152
2cg9 55 21 152
2cg9 249 372 152
2cg9 183 87 155
2cg9 317 249 158
2cg9 171 75 160
2cg9 456 341 161
2cg9 156 421 160
2cg9 364 119 164
2cg9 412 54 163
2cg9 161 101 163
2cg9 435 252 164
2cg9 337 92 166
2cg9 438 153 169
2cg9 98 276 167
2cg9 84 392 166
2cg9 43 348 176
2cg9 77 36 181
2cg9 73 196 179
2cg9 389 132 179
2cg9 88 86 182
2cg9 161 85 182
2cg9 439 404 181
2cg9 400 342 183
2cg9 70 474 183
2cg9 444 181 189
2cg9 122 492 189
2cg9 394 37 194
3qm1 354 364 0
3qm1 322 70 2
3qm1 20 42 4
3qm1 331 145 9
3qm1 320 224 10
3qm1 239 15 12
3qm1 60 22 10
3qm1 413 54 10
3qm1 364 443 11
3qm1 136 97 13
3qm1 466 12 14
3qm1 472 141 16
3qm1 284 16 16
3qm1 242 398 18
3qm1 458 106 18
3qm1 359 170 18
3qm1 35 21 19
3qm1 419 166 21
3qm1 343 157 21
3qm1 146 489 21
3qm1 422 88 22
3qm1 446 141 23
3qm1 159 249 22
3qm1 78 71 24
3qm1 415 132 24
3qm1 418 373 27
3qm1 111 139 27
3qm1 22 194 27
3qm1 184 265 29
3qm1 251 415 28
3qm1 163 454 29
3qm1 182 169 31
3qm1 485 62 32
3qm1 64 304 32
3qm1 39 184 34
3qm1 138 262 34
3qm1 332 277 35
3qm1 358 213 36
3qm1 342 295 35
3qm1 71 426 37
3qm1 89 266 38
3qm1 206 85 39
3qm1 160 327 38
3qm1 224 88 39
3qm1 279 77 40
3qm1 489 302 41
3qm1 490 482 41
3qm1 365 86 42
3qm1 76 124 42
3qm1 433 111 43
3qm1 176 58 45
3qm1 53 95 44
3qm1 470 143 44
3qm1 18 404 44
3qm1 217 357 45
3qm1 247 390 45
3qm1 248 405 45
3qm1 141 95 46
3qm1 304 110 47
3qm1 358 281 47
3qm1 159 334 48
3qm1 402 368 48
3qm1 150 443 48
3qm1 198 26 50
3qm1 404 143 49
3qm1 377 347 50
3qm1 248 34 52
3qm1 341 15 53
3qm1 415 25 54
3qm1 187 404 54
3qm1 320 106 55
3qm1 63 234 57
3qm1 447 75 57
3qm1 332 247 58
3qm1 138 120 58
3qm1 480 12 59
3qm1 316 40 60
3qm1 364 493 59
3qm1 296 360 61
3qm1 174 32 62
3qm1 158 480 62
3qm1 290 15 64
3qm1 13 228 64
3qm1 87 52 64
3qm1 48 137 65
3qm1 95 188 66
3qm1 422 268 66
3qm1 227 494 66
3qm1 158 43 67
3qm1 470 399 69
3qm1 388 406 68
3qm1 253 410 68
3qm1 43 158 69
3qm1 270 239 69
3qm1 399 359 69
3qm1 488 296 70
3qm1 339 164 71
3qm1 470 233 72
3qm1 410 221 72
3qm1 191 450 74
3qm1 312 350 74
3qm1 171 45 76
3qm1 462 297 75
3qm1 433 492 75
3qm1 346 492 76
3qm1 488 21 77
3qm1 162 26 75
3qm1 193 299 78
3qm1 367 47 80
3qm1 355 98 80
3qm1 31 81 81
3qm1 255 348 81
3qm1 27 284 83
3qm1 78 118 84
3qm1 440 350 85
3qm1 279 278 84
3qm1 136 25 86
3qm1 324 301 86
3qm1 390 28 88
3qm1 186 56 87
3qm1 82 332 89
3qm1 53 104 90
3qm1 79 170 90
3qm1 375 327 90
3qm1 450 414 88
3qm1 22 322 91
3qm1 159 500 93
3qm1 17 62 92
3qm1 412 480 93
3qm1 471 174 95
3qm1 318 78 94
3qm1 54 276 95
3qm1 68 194 96
3qm1 391 438 97
3qm1 220 497 97
3qm1 91 325 98
3qm1 405 494 98
3qm1 153 264 100
3qm1 20 414 100
3qm1 16 37 102
3qm1 415 125 103
3qm1 20 157 104
3qm1 144 334 106
3qm1 82 492 105
3qm1 248 192 106
3qm1 324 226 107
3qm1 192 284 109
3qm1 344 406 109
3qm1 119 171 111
3qm1 241 301 111
3qm1 148 258 113
3qm1 319 461 113
3qm1 460 173 115
3qm1 44 375 115
3qm1 182 218 116
3qm1 200 37 118
3qm1 375 280 118
3qm1 135 340 118
3qm1 146 90 120
3qm1 276 109 120
3qm1 251 370 121
3qm1 287 258 122
3qm1 54 424 121
3qm1 390 250 123
3qm1 214 410 124
3qm1 455 184 124
3qm1 78 342 124
3qm1 65 232 125
3qm1 283 60 126
3qm1 114 115 127
3qm1 397 394 126
3qm1 21 110 127
3qm1 57 418 128
3qm1 53 54 128
3qm1 238 70 130
3qm1 438 246 130
3qm1 65 450 132
3qm1 399 87 131
3qm1 206 167 131
3qm1 207 140 134
3qm1 380 285 133
3qm1 367 123 135
3qm1 339 335 134
3qm1 230 349 136
3qm1 263 23 136
3qm1 218 194 137
3qm1 309 118 138
3qm1 48 23 140
3qm1 39 252 139
3qm1 200 285 138
3qm1 270 313 140
3qm1 346 388 142
3qm1 65 426 140
3qm1 344 91 142
3qm1 224 135 142
3qm1 346 286 143
3qm1 138 152 145
3qm1 424 121 145
3qm1 366 432 146
3qm1 279 346 147
3qm1 19 401 148
3qm1 267 413 147
3qm1 423 223 148
3qm1 40 442 148
3qm1 445 469 148
3qm1 30 497 149
3qm1 167 70 151
3qm1 185 21 151
3qm1 327 225 152
3qm1 417 422 152
3qm1 132 29 153
3qm1 390 95 153
3qm1 222 145 154
3qm1 46 396 155
3qm1 306 438 155
3qm1 310 18 154
3qm1 250 54 157
3qm1 339 107 155
3qm1 39 58 157
3qm1 236 357 158
3qm1 384 38 158
3qm1 408 148 161
3qm1 293 358 160
3qm1 189 465 160
3qm1 200 20 161
3qm1 214 335 161
3qm1 496 437 160
3qm1 463 112 162
3qm1 176 347 162
3qm1 484 25 163
3qm1 94 98 164
3qm1 396 221 164
3qm1 410 460 164
3qm1 336 93 167
3qm1 468 430 166
3qm1 242 460 168
3qm1 134 381 170
3qm1 367 178 170
3qm1 431 442 170
3qm1 480 56 171
3qm1 335 350 171
3qm1 55 216 172
3qm1 11 376 172
3qm1 168 410 174
3qm1 250 156 175
3qm1 195 392 177
3qm1 429 29 177
3qm1 283 476 176
3qm1 381 94 179
3qm1 312 110 180
3qm1 272 287 181
3qm1 23 344 181
3qm1 223 44 182
3qm1 438 306 184
3qm1 402 342 183
3qm1 318 130 183
3qm1 462 79 185
3qm1 188 336 185
3qm1 22 386 186
3qm1 304 17 187
3qm1 422 106 188
3qm1 350 77 189
3qm1 79 96 189
3qm1 136 400 190
3qm1 123 492 189
3qm1 333 326 192
3qm1 86 480 195
3qm1 276 494 194
3qm1 359 242 195
3qm1 84 78 198
3gl1 354 365 1
3gl1 124 153 4
3gl1 21 432 3
3gl1 466 409 4
3gl1 332 145 8
3gl1 59 22 10
3gl1 322 224 10
3gl1 241 15 11
3gl1 413 55 11
3gl1 75 21 12
3gl1 345 163 14
3gl1 90 296 12
3gl1 473 140 15
3gl1 128 221 14
3gl1 283 17 18
3gl1 188 296 18
3gl1 143 332 19
3gl1 44 450 18
3gl1 419 167 21
3gl1 76 393 22
3gl1 115 65 24
3gl1 417 132 25
3gl1 99 120 26
3gl1 112 140 26
3gl1 419 374 27
3gl1 206 89 28
3gl1 164 454 28
3gl1 185 266 29
3gl1 183 169 30
3gl1 124 224 30
3gl1 140 220 33
3gl1 139 262 33
3gl1 465 466 34
3gl1 71 427 36
3gl1 91 266 38
3gl1 180 485 38
3gl1 492 231 41
3gl1 490 303 41
3gl1 471 142 42
3gl1 468 241 43
3gl1 115 311 42
3gl1 37 452 44
3gl1 218 357 46
3gl1 202 392 46
3gl1 426 459 45
3gl1 405 143 48
3gl1 377 307 47
3gl1 341 15 50
3gl1 23 414 50
3gl1 81 445 51
3gl1 412 25 51
3gl1 441 482 50
3gl1 457 440 53
3gl1 274 112 53
3gl1 279 189 54
3gl1 92 333 55
3gl1 494 265 57
3gl1 316 41 59
3gl1 123 78 60
3gl1 250 152 61
3gl1 204 409 60
3gl1 422 479 60
3gl1 290 16 64
3gl1 13 228 63
3gl1 116 265 63
3gl1 419 210 64
3gl1 499 113 65
3gl1 296 132 65
3gl1 288 141 66
3gl1 164 155 65
3gl1 400 340 65
3gl1 142 404 67
3gl1 228 496 66
3gl1 370 42 69
3gl1 93 251 72
3gl1 28 122 72
3gl1 448 280 72
3gl1 230 444 74
3gl1 193 450 74
3gl1 307 442 76
3gl1 433 491 75
3gl1 171 45 76
3gl1 194 299 78
3gl1 433 388 78
3gl1 491 362 79
3gl1 448 416 79
3gl1 27 486 81
3gl1 401 116 82
3gl1 333 241 85
3gl1 325 301 84
3gl1 70 461 84
3gl1 19 72 86
3gl1 220 132 88
3gl1 433 209 91
3gl1 404 336 90
3gl1 410 304 91
3gl1 466 406 92
3gl1 471 174 95
3gl1 139 210 93
3gl1 268 427 95
3gl1 140 454 94
3gl1 412 480 95
3gl1 283 458 97
3gl1 433 284 98
3gl1 154 264 100
3gl1 244 148 100
3gl1 16 36 101
3gl1 91 184 101
3gl1 387 106 102
3gl1 28 140 102
3gl1 440 84 103
3gl1 316 112 104
3gl1 324 226 106
3gl1 4 334 105
3gl1 425 229 106
3gl1 18 403 106
3gl1 185 394 106
3gl1 66 433 109
3gl1 49 153 110
3gl1 345 405 110
3gl1 155 104 112
3gl1 379 196 112
3gl1 128 325 112
3gl1 39 53 113
3gl1 114 435 115
3gl1 451 494 114
3gl1 201 37 118
3gl1 427 450 119
3gl1 251 369 121
3gl1 122 243 121
3gl1 55 424 122
3gl1 492 458 121
3gl1 279 420 123
3gl1 258 160 125
3gl1 66 232 124
3gl1 213 474 128
3gl1 75 445 126
3gl1 224 132 126
3gl1 20 111 128
3gl1 297 66 130
3gl1 439 246 130
3gl1 89 243 131
3gl1 209 139 133
3gl1 98 21 134
3gl1 39 133 135
3gl1 219 194 137
3gl1 281 201 137
3gl1 139 376 138
3gl1 476 442 138
3gl1 48 23 140
3gl1 65 426 139
3gl1 161 388 141
3gl1 424 122 145
3gl1 139 152 144
3gl1 369 154 144
3gl1 372 322 144
3gl1 153 326 145
3gl1 460 451 146
3gl1 140 383 148
3gl1 19 402 149
3gl1 215 412 148
3gl1 445 470 149
3gl1 329 225 152
3gl1 418 422 153
3gl1 195 190 155
3gl1 489 215 155
3gl1 403 451 154
3gl1 386 40 157
3gl1 295 141 157
3gl1 316 249 158
3gl1 245 362 159
3gl1 201 20 160
3gl1 456 341 160
3gl1 496 436 160
3gl1 188 465 160
3gl1 484 26 163
3gl1 356 452 162
3gl1 491 309 164
3gl1 411 55 164
3gl1 337 93 166
3gl1 236 133 166
3gl1 328 277 166
3gl1 438 155 167
3gl1 306 72 169
3gl1 324 140 169
3gl1 491 305 171
3gl1 68 198 170
3gl1 61 418 170
3gl1 498 348 171
3gl1 252 72 173
3gl1 198 398 173
3gl1 386 133 175
3gl1 69 473 175
3gl1 195 392 176
3gl1 209 436 177
3gl1 179 464 179
3gl1 299 379 179
3gl1 314 111 181
3gl1 250 60 181
3gl1 33 99 181
3gl1 224 45 182
3gl1 189 336 183
3gl1 438 307 184
3gl1 442 441 184
3gl1 460 251 186
3gl1 23 388 185
3gl1 306 104 186
3gl1 298 169 186
3gl1 349 77 190
3gl1 138 400 190
3gl1 203 468 191
3d2f 195 48 7
3d2f 59 22 12
3d2f 200 425 14
3d2f 107 119 13
3d2f 473 140 16
3d2f 201 190 14
3d2f 458 106 17
3d2f 227 135 17
3d2f 143 333 18
3d2f 283 17 19
3d2f 58 354 19
3d2f 438 355 19
3d2f 419 166 22
3d2f 75 393 24
3d2f 395 330 26
3d2f 219 473 23
3d2f 209 37 24
3d2f 314 299 25
3d2f 111 63 24
3d2f 210 329 24
3d2f 98 119 26
3d2f 295 80 27
3d2f 185 265 29
3d2f 480 91 29
3d2f 42 181 28
3d2f 89 365 28
3d2f 379 234 29
3d2f 457 73 29
3d2f 404 443 30
3d2f 486 62 33
3d2f 395 89 32
3d2f 459 311 32
3d2f 139 262 34
3d2f 136 58 34
3d2f 106 226 34
3d2f 91 365 35
3d2f 90 451 36
3d2f 172 456 39
3d2f 187 62 41
3d2f 232 158 41
3d2f 90 265 42
3d2f 58 299 43
3d2f 307 390 40
3d2f 408 148 41
3d2f 202 167 41
3d2f 471 141 42
3d2f 50 467 42
3d2f 123 200 45
3d2f 219 203 45
3d2f 114 309 45
3d2f 202 391 46
3d2f 426 459 46
3d2f 474 122 47
3d2f 75 240 46
3d2f 376 307 47
3d2f 404 315 48
3d2f 153 262 49
3d2f 455 443 52
3d2f 108 90 52
3d2f 203 479 50
3d2f 72 139 51
3d2f 363 76 53
3d2f 473 69 53
3d2f 92 333 56
3d2f 445 75 55
3d2f 202 479 56
3d2f 250 152 60
3d2f 233 291 57
3d2f 111 458 58
3d2f 100 472 60
3d2f 154 72 59
3d2f 346 186 60
3d2f 457 313 60
3d2f 331 235 63
3d2f 419 210 64
3d2f 412 393 63
3d2f 338 456 63
3d2f 292 135 66
3d2f 165 155 65
3d2f 113 39 68
3d2f 372 42 68
3d2f 284 191 66
3d2f 396 284 67
3d2f 173 221 69
3d2f 442 197 69
3d2f 463 205 73
3d2f 490 296 70
3d2f 89 170 72
3d2f 230 37 77
3d2f 314 354 77
3d2f 193 298 79
3d2f 490 362 80
3d2f 118 89 80
3d2f 91 342 80
3d2f 366 45 81
3d2f 459 215 83
3d2f 491 458 84
3d2f 90 281 85
3d2f 102 39 86
3d2f 394 73 85
3d2f 314 200 85
3d2f 324 301 85
3d2f 19 72 86
3d2f 298 195 85
3d2f 88 342 88
3d2f 210 387 89
3d2f 250 43 90
3d2f 404 225 89
3d2f 267 443 90
3d2f 192 471 89
3d2f 233 139 90
3d2f 410 303 91
3d2f 314 445 90
3d2f 252 76 92
3d2f 366 463 92
3d2f 164 471 92
3d2f 298 198 92
3d2f 100 77 94
3d2f 471 174 95
3d2f 138 209 94
3d2f 315 205 95
3d2f 210 282 94
3d2f 120 311 95
3d2f 139 454 95
3d2f 122 482 95
3d2f 369 165 95
3d2f 391 438 97
3d2f 148 316 99
3d2f 282 458 99
3d2f 387 106 102
3d2f 91 184 102
3d2f 329 75 102
3d2f 146 468 105
3d2f 352 87 105
3d2f 194 284 105
3d2f 472 307 105
3d2f 282 329 104
3d2f 477 471 105
3d2f 252 295 106
3d2f 163 444 107
3d2f 441 125 108
3d2f 431 460 108
3d2f 394 173 110
3d2f 153 157 111
3d2f 378 196 111
3d2f 48 375 110
3d2f 354 51 112
3d2f 155 104 112
3d2f 284 302 112
3d2f 311 218 113
3d2f 62 132 114
3d2f 200 136 114
3d2f 200 37 117
3d2f 106 83 116
3d2f 104 103 117
3d2f 94 361 118
3d2f 221 424 118
3d2f 291 35 118
3d2f 200 54 119
3d2f 474 441 121
3d2f 426 449 120
3d2f 168 180 121
3d2f 122 243 124
3d2f 408 348 120
3d2f 491 458 121
3d2f 201 171 123
3d2f 379 341 122
3d2f 277 166 123
3d2f 315 39 123
3d2f 394 459 124
3d2f 132 362 125
3d2f 452 139 127
3d2f 314 396 125
3d2f 213 474 130
3d2f 282 60 130
3d2f 297 66 130
3d2f 89 243 130
3d2f 439 245 131
3d2f 297 468 132
3d2f 378 76 132
3d2f 44 25 136
3d2f 208 139 134
3d2f 89 249 136
3d2f 483 291 136
3d2f 300 70 136
3d2f 240 135 137
3d2f 233 489 138
3d2f 113 114 140
3d2f 177 62 139
3d2f 219 312 139
3d2f 270 313 141
3d2f 449 314 139
3d2f 139 375 139
3d2f 329 328 140
3d2f 160 387 141
3d2f 190 451 142
3d2f 372 322 143
3d2f 397 261 142
3d2f 138 152 144
3d2f 107 227 144
3d2f 370 153 144
3d2f 490 326 144
3d2f 153 326 146
3d2f 219 264 147
3d2f 368 432 149
3d2f 244 199 150
3d2f 232 219 149
3d2f 286 195 150
3d2f 473 103 151
3d2f 363 315 155
3d2f 199 19 155
3d2f 347 393 154
3d2f 402 450 154
3d2f 371 464 154
3d2f 236 299 155
3d2f 323 475 156
3d2f 382 38 160
3d2f 170 305 160
3d2f 214 337 157
3d2f 476 217 161
3d2f 110 295 159
3d2f 217 413 158
3d2f 199 191 161
3d2f 298 60 160
3d2f 171 73 160
3d2f 296 195 162
3d2f 297 263 163
3d2f 482 283 163
3d2f 435 251 164
3d2f 72 331 163
3d2f 106 108 164
3d2f 490 309 164
3d2f 336 92 166
3d2f 194 446 167
3d2f 83 391 167
3d2f 467 28 168
3d2f 123 313 167
3d2f 242 381 167
3d2f 242 460 168
3d2f 474 59 170
3d2f 68 198 171
3d2f 323 140 170
3d2f 491 305 170
3d2f 104 297 172
3d2f 123 310 172
3d2f 282 45 172
3d2f 251 72 173
3d2f 294 221 172
3d2f 204 227 175
3d2f 106 198 176
3d2f 364 202 174
3d2f 234 330 176
3d2f 93 332 175
3d2f 313 472 176
3d2f 461 73 177
3d2f 457 184 177
3d2f 190 207 177
3d2f 195 392 178
3d2f 208 436 178
3d2f 73 199 180
3d2f 43 279 181
3d2f 298 379 179
3d2f 250 60 181
3d2f 347 26 185
3d2f 122 439 186
3d2f 298 169 187
4d8q 467 339 19
4d8q 183 445 19
4d8q 353 31 20
4d8q 35 305 21
4d8q 218 205 21
4d8q 199 223 21
4d8q 409 225 22
4d8q 273 425 23
4d8q 146 451 24
4d8q 471 416 23
4d8q 136 239 26
4d8q 449 392 25
4d8q 258 139 28
4d8q 67 321 29
4d8q 254 382 29
4d8q 175 332 30
4d8q 116 473 30
4d8q 155 79 33
4d8q 436 341 30
4d8q 176 395 31
4d8q 118 450 32
4d8q 92 71 32
4d8q 297 362 33
4d8q 265 118 36
4d8q 270 353 35
4d8q 119 50 36
4d8q 427 233 36
4d8q 347 269 37
4d8q 270 43 38
4d8q 56 406 39
4d8q 268 333 41
4d8q 379 70 41
4d8q 22 282 41
4d8q 218 111 43
4d8q 111 163 42
4d8q 346 245 43
4d8q 34 389 42
4d8q 309 209 44
4d8q 47 234 43
4d8q 195 283 43
4d8q 60 336 45
4d8q 286 88 47
4d8q 161 292 45
4d8q 349 211 49
4d8q 492 209 47
4d8q 328 30 50
4d8q 127 19 52
4d8q 43 203 52
4d8q 285 349 51
4d8q 143 299 56
4d8q 329 218 55
4d8q 167 82 55
4d8q 399 95 57
4d8q 63 464 56
4d8q 126 49 56
4d8q 59 492 56
4d8q 85 33 58
4d8q 40 100 58
4d8q 373 102 62
4d8q 192 385 60
4d8q 203 358 62
4d8q 131 278 64
4d8q 476 266 65
4d8q 354 310 66
4d8q 235 52 66
4d8q 361 214 67
4d8q 385 449 66
4d8q 206 24 69
4d8q 461 70 68
4d8q 406 140 68
4d8q 396 230 68
4d8q 388 255 68
4d8q 488 372 67
4d8q 74 204 71
4d8q 67 301 70
4d8q 267 374 72
4d8q 279 300 72
4d8q 472 348 71
4d8q 341 223 71
4d8q 230 295 74
4d8q 103 331 74
4d8q 427 83 76
4d8q 442 362 75
4d8q 157 28 76
4d8q 124 486 77
4d8q 397 113 81
4d8q 323 151 82
4d8q 419 409 80
4d8q 145 386 82
4d8q 383 297 83
4d8q 213 256 85
4d8q 98 386 86
4d8q 414 97 85
4d8q 194 161 86
4d8q 157 228 86
4d8q 228 178 89
4d8q 102 295 88
4d8q 65 154 89
4d8q 337 170 89
4d8q 474 37 91
4d8q 278 480 92
4d8q 309 106 91
4d8q 333 429 93
4d8q 121 42 93
4d8q 440 28 94
4d8q 192 466 95
4d8q 339 41 97
4d8q 370 429 97
4d8q 137 128 98
4d8q 178 452 98
4d8q 448 336 98
4d8q 153 379 100
4d8q 485 486 99
4d8q 224 404 101
4d8q 302 89 102
4d8q 274 264 102
4d8q 58 327 107
4d8q 238 487 106
4d8q 466 193 107
4d8q 275 82 109
4d8q 387 141 110
4d8q 106 272 110
4d8q 169 336 112
4d8q 462 470 113
4d8q 215 150 113
4d8q 219 185 114
4d8q 317 258 114
4d8q 353 436 113
4d8q 136 449 115
4d8q 479 169 117
4d8q 63 76 120
4d8q 178 359 119
4d8q 454 369 118
4d8q 486 105 117
4d8q 236 232 119
4d8q 424 40 121
4d8q 356 48 118
4d8q 114 344 119
4d8q 359 464 123
4d8q 26 264 122
4d8q 101 228 123
4d8q 290 357 122
4d8q 297 271 126
4d8q 357 416 123
4d8q 330 177 126
4d8q 308 342 125
4d8q 184 461 126
4d8q 375 27 129
4d8q 305 174 128
4d8q 180 290 130
4d8q 392 146 130
4d8q 394 345 131
4d8q 128 440 130
4d8q 273 442 130
4d8q 132 107 134
4d8q 64 42 134
4d8q 162 278 134
4d8q 302 299 135
4d8q 229 401 135
4d8q 457 43 137
4d8q 72 373 137
4d8q 277 37 139
4d8q 228 109 140
4d8q 189 391 140
4d8q 374 445 139
4d8q 83 39 141
4d8q 347 215 141
4d8q 275 249 141
4d8q 261 181 140
4d8q 351 175 142
4d8q 157 245 142
4d8q 381 133 144
4d8q 154 206 143
4d8q 161 53 144
4d8q 324 109 144
4d8q 461 150 144
4d8q 76 138 147
4d8q 215 32 148
4d8q 480 47 146
4d8q 220 482 146
4d8q 307 393 148
4d8q 150 413 149
4d8q 432 430 148
4d8q 323 440 147
4d8q 332 416 151
4d8q 108 312 152
4d8q 181 45 151
4d8q 289 70 152
4d8q 76 85 153
4d8q 67 489 152
4d8q 59 421 155
4d8q 340 141 155
4d8q 381 166 154
4d8q 205 258 157
4d8q 315 267 157
4d8q 294 362 159
4d8q 56 127 163
4d8q 449 208 162
4d8q 343 223 163
4d8q 225 41 165
4d8q 281 43 165
4d8q 62 101 168
4d8q 426 185 168
4d8q 388 194 168
4d8q 109 377 171
4d8q 156 375 173
4d8q 329 197 174
4d8q 70 263 172
4d8q 214 467 173
4d8q 159 277 174
4d8q 57 305 175
4d8q 85 136 174
4d8q 191 259 173
4d8q 348 110 177
4d8q 236 211 176
4d8q 378 275 176
4d8q 457 39 177
4d8q 467 125 179
4d8q 123 224 178
4d8q 258 483 177
4d8q 30 373 179
4d8q 184 123 179
4d8q 430 89 182
4d8q 487 128 181
4d8q 301 254 182
1bxn 288 302 13
1bxn 110 344 12
1bxn 34 140 15
1bxn 491 93 15
1bxn 173 76 17
1bxn 167 165 16
1bxn 62 447 18
1bxn 325 403 18
1bxn 31 364 19
1bxn 464 237 20
1bxn 321 365 19
1bxn 335 304 21
1bxn 276 395 20
1bxn 424 446 21
1bxn 191 469 20
1bxn 231 401 22
1bxn 217 153 22
1bxn 259 255 23
1bxn 128 374 24
1bxn 288 44 23
1bxn 410 56 23
1bxn 395 136 25
1bxn 197 314 25
1bxn 372 164 24
1bxn 351 338 25
1bxn 305 140 27
1bxn 321 252 25
1bxn 380 405 27
1bxn 429 184 25
1bxn 479 200 27
1bxn 260 478 28
1bxn 293 487 28
1bxn 209 51 28
1bxn 206 117 27
1bxn 473 496 29
1bxn 138 163 29
1bxn 488 427 29
1bxn 100 392 30
1bxn 369 48 33
1bxn 287 434 33
1bxn 224 171 33
1bxn 79 148 37
1bxn 479 169 36
1bxn 88 126 37
1bxn 259 453 38
1bxn 76 53 39
1bxn 424 288 43
1bxn 72 17 43
1bxn 392 53 42
1bxn 139 137 44
1bxn 278 136 45
1bxn 373 383 45
1bxn 481 383 45
1bxn 359 425 46
1bxn 402 366 45
1bxn 145 354 47
1bxn 443 408 47
1bxn 366 441 50
1bxn 217 86 53
1bxn 123 134 51
1bxn 86 236 52
1bxn 299 253 52
1bxn 221 385 52
1bxn 156 494 53
1bxn 494 122 54
1bxn 323 466 54
1bxn 267 29 53
1bxn 494 38 55
1bxn 284 453 56
1bxn 52 445 58
1bxn 348 32 58
1bxn 167 308 57
1bxn 253 341 61
1bxn 481 465 59
1bxn 213 103 61
1bxn 19 338 61
1bxn 488 144 62
1bxn 176 237 59
1bxn 316 479 60
1bxn 150 348 65
1bxn 374 414 64
1bxn 491 277 64
1bxn 442 110 67
1bxn 223 261 67
1bxn 470 286 66
1bxn 456 314 66
1bxn 429 53 68
1bxn 303 166 70
1bxn 271 70 71
1bxn 342 267 70
1bxn 302 396 69
1bxn 450 280 72
1bxn 353 392 72
1bxn 37 201 72
1bxn 72 342 72
1bxn 260 36 73
1bxn 301 463 75
1bxn 66 385 75
1bxn 208 54 76
1bxn 497 69 78
1bxn 255 327 77
1bxn 429 319 79
1bxn 470 441 79
1bxn 222 224 81
1bxn 233 109 83
1bxn 292 227 83
1bxn 361 339 83
1bxn 49 72 84
1bxn 258 107 85
1bxn 479 128 85
1bxn 32 58 85
1bxn 303 495 84
1bxn 192 133 88
1bxn 464 158 89
1bxn 82 186 87
1bxn 171 213 88
1bxn 47 410 88
1bxn 464 255 90
1bxn 92 311 89
1bxn 467 344 89
1bxn 14 105 90
1bxn 271 336 93
1bxn 196 366 92
1bxn 310 465 92
1bxn 450 486 92
1bxn 28 24 93
1bxn 381 68 93
1bxn 95 105 95
1bxn 163 257 93
1bxn 397 287 94
1bxn 176 47 96
1bxn 45 226 96
1bxn 85 149 99
1bxn 351 63 100
1bxn 182 129 100
1bxn 122 157 100
1bxn 55 201 99
1bxn 488 102 99
1bxn 402 202 102
1bxn 111 448 99
1bxn 104 21 103
1bxn 254 425 102
1bxn 343 146 101
1bxn 251 399 103
1bxn 395 485 104
1bxn 461 98 105
1bxn 15 400 105
1bxn 181 493 105
1bxn 488 15 107
1bxn 136 145 108
1bxn 287 495 107
1bxn 36 248 107
1bxn 70 114 109
1bxn 356 183 109
1bxn 98 202 108
1bxn 161 317 109
1bxn 469 321 111
1bxn 30 431 109
1bxn 247 190 112
1bxn 488 85 111
1bxn 73 455 112
1bxn 256 20 114
1bxn 350 383 114
1bxn 373 439 116
1bxn 258 251 118
1bxn 383 403 117
1bxn 323 409 117
1bxn 198 83 120
1bxn 138 498 118
1bxn 26 47 121
1bxn 376 215 118
1bxn 187 255 119
1bxn 110 450 119
1bxn 22 190 123
1bxn 415 481 123
1bxn 272 228 124
1bxn 261 401 122
1bxn 448 494 123
1bxn 364 275 123
1bxn 148 467 126
1bxn 464 227 127
1bxn 187 336 128
1bxn 196 101 130
1bxn 348 149 130
1bxn 230 479 129
1bxn 362 350 131
1bxn 245 421 129
1bxn 247 39 131
1bxn 228 285 131
1bxn 450 15 133
1bxn 445 224 131
1bxn 97 175 134
1bxn 146 284 135
1bxn 39 300 134
1bxn 145 441 133
1bxn 366 498 135
1bxn 36 103 135
1bxn 256 123 137
1bxn 59 87 140
1bxn 171 455 140
1bxn 207 113 140
1bxn 432 169 140
1bxn 47 344 140
1bxn 102 61 140
1bxn 444 345 141
1bxn 284 397 140
1bxn 421 35 143
1bxn 291 445 146
1bxn 340 250 149
1bxn 256 442 147
1bxn 381 62 148
1bxn 28 86 147
1bxn 330 175 147
1bxn 133 31 149
1bxn 200 75 151
1bxn 241 421 155
1bxn 492 487 154
1bxn 318 57 153
1bxn 249 267 153
1bxn 365 280 155
1bxn 484 181 155
1bxn 263 87 155
1bxn 434 136 156
1bxn 73 189 156
1bxn 250 216 157
1bxn 471 350 158
1bxn 83 441 158
1bxn 486 145 160
1bxn 118 252 161
1bxn 415 78 159
1bxn 385 110 160
1bxn 257 284 160
1bxn 76 217 162
1bxn 358 206 163
1bxn 245 359 165
1bxn 113 457 167
1bxn 213 298 167
1bxn 474 381 167
1bxn 19 220 168
1bxn 214 497 169
1bxn 115 18 170
1bxn 488 365 173
1bxn 471 156 173
1bxn 171 329 171
1bxn 406 40 173
1bxn 65 496 175
1bxn 156 170 175
1bxn 137 144 177
1bxn 104 34 178
1bxn 39 120 178
1bxn 16 170 179
1bxn 37 221 179
1bxn 117 261 179
1bxn 312 474 181
1bxn 275 163 181
1bxn 149 497 181
1bxn 491 237 182
1bxn 480 57 184
1bxn 291 109 183
1bxn 196 281 184
1bxn 219 402 184
1bxn 143 417 186
1bxn 405 86 187
1bxn 23 386 186
1bxn 443 221 187
