1bxn 336 265 8
1bxn 321 224 11
1bxn 288 301 13
1bxn 110 344 12
1bxn 490 93 14
1bxn 34 139 15
1bxn 428 254 15
1bxn 31 363 18
1bxn 174 76 17
1bxn 166 164 16
1bxn 465 237 19
1bxn 324 403 18
1bxn 424 446 19
1bxn 62 448 19
1bxn 335 303 20
1bxn 259 255 23
1bxn 470 279 21
1bxn 217 152 23
1bxn 127 373 23
1bxn 231 401 23
1bxn 289 45 23
1bxn 395 136 25
1bxn 38 206 24
1bxn 428 184 26
1bxn 351 338 26
1bxn 489 427 28
1bxn 293 487 27
1bxn 305 140 27
1bxn 260 477 28
1bxn 210 50 29
1bxn 138 162 29
1bxn 380 405 29
1bxn 270 355 33
1bxn 340 350 31
1bxn 370 48 33
1bxn 225 170 33
1bxn 287 433 33
1bxn 479 169 37
1bxn 79 147 36
1bxn 187 85 37
1bxn 266 120 37
1bxn 259 453 38
1bxn 72 16 42
1bxn 180 252 43
1bxn 424 288 44
1bxn 173 456 42
1bxn 48 234 42
1bxn 401 365 46
1bxn 144 354 47
1bxn 443 408 47
1bxn 372 382 46
1bxn 299 253 53
1bxn 316 304 48
1bxn 285 347 50
1bxn 305 424 51
1bxn 494 122 53
1bxn 366 441 50
1bxn 213 220 51
1bxn 217 85 53
1bxn 323 466 53
1bxn 156 493 54
1bxn 494 37 55
1bxn 42 204 54
1bxn 284 451 56
1bxn 178 236 59
1bxn 52 445 59
1bxn 316 481 58
1bxn 253 341 61
1bxn 19 338 62
1bxn 482 466 59
1bxn 213 102 61
1bxn 488 144 61
1bxn 374 370 62
1bxn 223 260 65
1bxn 492 276 63
1bxn 150 348 65
1bxn 373 414 64
1bxn 493 434 64
1bxn 469 286 66
1bxn 457 314 65
1bxn 442 110 68
1bxn 303 165 69
1bxn 302 394 68
1bxn 172 58 69
1bxn 272 70 71
1bxn 36 201 72
1bxn 450 280 73
1bxn 259 36 73
1bxn 301 462 75
1bxn 208 54 76
1bxn 256 55 77
1bxn 66 384 76
1bxn 497 68 78
1bxn 253 327 78
1bxn 470 441 79
1bxn 222 223 79
1bxn 430 318 80
1bxn 257 106 84
1bxn 360 338 83
1bxn 395 473 85
1bxn 49 71 84
1bxn 478 125 83
1bxn 291 226 83
1bxn 155 452 82
1bxn 33 58 85
1bxn 233 109 83
1bxn 304 493 85
1bxn 227 347 87
1bxn 47 410 88
1bxn 465 157 89
1bxn 171 212 89
1bxn 464 254 89
1bxn 15 106 90
1bxn 466 344 89
1bxn 271 335 93
1bxn 27 24 93
1bxn 396 287 94
1bxn 196 365 92
1bxn 474 37 92
1bxn 310 465 93
1bxn 94 104 95
1bxn 176 46 96
1bxn 55 201 98
1bxn 65 280 96
1bxn 415 407 97
1bxn 47 226 97
1bxn 351 62 100
1bxn 408 337 100
1bxn 183 129 100
1bxn 450 168 100
1bxn 403 202 102
1bxn 105 20 103
1bxn 253 424 103
1bxn 395 484 103
1bxn 460 98 105
1bxn 34 140 104
1bxn 252 379 106
1bxn 16 400 105
1bxn 34 199 105
1bxn 399 324 106
1bxn 488 14 108
1bxn 286 495 107
1bxn 69 114 108
1bxn 469 322 111
1bxn 373 25 111
1bxn 404 32 112
1bxn 487 84 111
1bxn 255 19 113
1bxn 259 212 113
1bxn 211 266 113
1bxn 269 310 114
1bxn 63 75 113
1bxn 318 257 115
1bxn 372 438 117
1bxn 257 251 119
1bxn 322 408 117
1bxn 198 82 120
1bxn 139 498 119
1bxn 26 46 121
1bxn 186 254 120
1bxn 110 451 119
1bxn 414 481 122
1bxn 22 189 123
1bxn 364 275 123
1bxn 272 228 124
1bxn 148 467 126
1bxn 464 226 127
1bxn 196 101 129
1bxn 187 336 128
1bxn 230 479 129
1bxn 227 284 131
1bxn 347 149 132
1bxn 362 350 132
1bxn 146 441 133
1bxn 444 224 133
1bxn 146 284 135
1bxn 37 102 135
1bxn 365 499 134
1bxn 255 123 137
1bxn 39 300 134
1bxn 307 43 139
1bxn 59 87 139
1bxn 433 169 140
1bxn 442 346 142
1bxn 422 35 143
1bxn 291 445 146
1bxn 267 352 147
1bxn 339 252 148
1bxn 256 442 147
1bxn 200 75 150
1bxn 114 153 149
1bxn 240 420 154
1bxn 178 44 153
1bxn 144 217 152
1bxn 441 263 153
1bxn 249 266 152
1bxn 366 280 156
1bxn 274 476 153
1bxn 492 487 155
1bxn 434 137 156
1bxn 484 181 155
1bxn 268 358 157
1bxn 257 284 159
1bxn 83 441 158
1bxn 302 140 159
1bxn 486 146 160
1bxn 118 252 161
1bxn 416 78 160
1bxn 280 275 160
1bxn 76 217 162
1bxn 158 422 164
1bxn 296 450 164
1bxn 42 239 165
1bxn 114 457 167
1bxn 474 381 168
1bxn 19 219 168
1bxn 115 18 170
1bxn 171 329 171
1bxn 41 345 170
1bxn 471 155 173
1bxn 488 365 172
1bxn 406 40 175
1bxn 65 495 174
1bxn 156 170 176
1bxn 38 120 178
1bxn 138 144 178
1bxn 16 169 179
1bxn 104 33 179
1bxn 36 220 180
1bxn 312 473 181
1bxn 274 163 181
1bxn 300 253 179
1bxn 492 236 182
1bxn 149 497 181
1bxn 481 58 184
1bxn 219 402 185
1bxn 144 416 185
1bxn 196 280 185
1bxn 442 221 185
1bxn 404 86 187
1bxn 274 148 193
